3123,401,1939,1979
3145,420,1919,1920
3168,449,1937,1961
3184,478,1974,1990
3185,504,1941,1947
3176,511,1949,2037
3146,502,1946,1985
3133,496,1957,1986
3115,472,1930,2014
3106,459,1909,1965
3115,442,1933,1993
3127,434,1928,1975
3138,436,1922,1939
3148,432,1936,1932
3162,444,1978,1992
3168,455,2005,1998
3176,472,1951,2060
3170,481,1952,1943
3148,486,1960,2009
3125,470,1940,1989
3092,454,1932,2025
3074,428,1913,2052
3072,423,1966,1963
3079,405,1875,1960
3095,400,1931,1949
3108,405,1899,1986
3148,425,1999,2012
3172,442,1968,1926
3193,467,1905,1939
3206,493,1929,2054
3205,514,1950,2014
3202,532,2028,2000
3180,532,1971,1975
3154,516,1982,1992
3127,492,1968,1966
3112,472,1975,1926
3113,455,1917,1949
3125,443,1964,1916
3130,433,1973,1887
3146,434,1958,1963
3156,431,1996,1953
3163,431,1981,1971
3165,445,2011,1941
3167,461,1966,1960
3161,477,1982,1966
3149,481,1992,1976
3121,474,1962,2014
3103,465,1953,1967
3101,456,1927,1964
3107,451,1927,2006
3127,445,1945,1963
3152,442,1947,1936
3170,449,1908,1940
3193,459,1960,1894
3197,475,1956,1886
3215,496,1978,1913
3217,516,1975,1989
3213,532,1942,1920
3202,537,2019,1928
3170,523,1925,1946
3147,508,1926,2009
3126,489,1990,2009
3118,463,1968,1912
3121,446,1949,1913
3125,428,1932,1911
3138,412,1843,1885
3149,408,1948,1873
3147,418,1939,1897
3165,441,1903,1936
3177,459,1858,1932
3182,482,1928,1959
3183,500,1925,1889
3175,515,1900,1935
3154,508,1906,1954
3139,501,1921,1935
3140,483,1931,1893
3142,474,1897,1938
3157,463,1899,1956
3168,458,1907,1951
3180,461,1926,1882
3185,466,1910,1955
3195,479,1893,1946
3199,497,1925,2034
3209,508,1942,1923
3207,523,1915,1980
3177,520,1946,2011
3147,499,1902,1992
3130,479,1883,2000
3098,457,1872,1929
3086,428,1906,1963
3097,416,1876,1955
3105,400,1895,1972
3122,401,1872,1925
3147,416,1937,1973
3161,433,1894,1849
3194,458,1928,1954
3202,489,1948,1984
3209,521,1890,2033
3210,532,1873,2016
3178,527,1946,1975
3160,517,1930,1984
3143,498,1901,1965
3135,482,1897,2017
3138,464,1924,1960
3140,454,1908,1979
3152,438,1884,1994
3162,446,1943,1959
3166,449,1968,1994
3182,464,1921,1967
3189,482,1965,2051
3185,485,1948,2013
3176,492,1917,1978
3144,485,1940,1986
3116,465,1934,2016
3092,445,1892,2015
3077,430,1940,1971
3079,413,1932,1923
3086,411,1970,1949
3116,412,1948,1979
3144,415,1963,2006
3166,439,1921,1966
3189,463,1959,1954
3202,486,1962,2006
3217,505,1959,1987
3211,525,1977,1981
3195,528,1963,2004
3156,517,2011,2022
3127,501,1941,1979
3122,480,1961,1995
3103,461,1964,1982
3110,446,1962,1940
3122,428,1981,1962
3139,420,1991,1922
3147,423,1955,1921
3153,427,1978,1918
3152,433,1973,1972
3158,445,1971,1890
3156,464,1949,1951
3142,472,2029,1969
3110,467,1967,1910
3097,456,1956,1877
3087,447,1971,1897
3094,432,1962,1993
3113,434,1980,1912
3125,430,1935,1918
3140,427,2000,1900
3166,437,1930,1896
3170,452,2033,1943
3190,473,1974,1923
3195,488,1945,1944
3200,511,1997,1976
3186,520,1990,1954
3153,512,2011,1952
3136,495,2013,1956
3109,474,2052,1936
3091,452,1955,1898
3085,428,2032,1871
3103,411,1979,1936
3099,399,1954,1881
3114,394,1918,1863
3126,400,1978,1923
3132,405,1961,1933
3146,432,1882,1872
3156,458,1953,1892
3158,471,1915,1925
3154,487,1928,1928
3134,491,1878,1950
3123,486,1892,1915
3117,467,1944,1916
3117,463,1956,1892
3135,450,1958,1891
3143,447,1906,1916
3152,448,1917,1939
3174,445,1943,1947
3178,458,1976,1960
3190,473,1892,1913
3189,494,1916,1907
3189,500,2006,2030
3175,512,1927,1972
3149,498,1986,1930
3116,477,1890,1992
3086,452,1969,1950
3073,424,1906,1957
3082,409,1942,1912
3096,392,1870,1916
3099,387,1894,1912
3127,401,1914,1943
3143,414,1927,1970
3159,438,1926,1896
3190,471,1935,1939
3201,503,1906,2002
3202,523,1902,2054
3192,522,1924,1978
3158,514,1917,1997
3140,502,1931,1995
3128,484,1922,1956
3129,467,1891,1927
3138,453,1957,1939
3139,440,1927,1947
3165,445,1942,1934
3173,451,1929,2015
3184,463,1924,2006
3186,475,1961,1998
3195,488,1951,1980
3183,497,1980,1982
3162,492,1957,1980
3129,473,1913,1957
3102,461,1940,1969
3091,444,1997,2021
3088,428,1953,1982
3099,425,1909,1955
3117,418,1973,1970
3141,429,1963,1969
3170,444,1948,1979
3190,461,1937,1890
3210,482,1941,2020
3227,510,1961,1968
3224,530,1934,2005
3216,544,2030,2007
3176,538,1974,1985
3160,520,1984,1936
3132,494,1973,2078
3132,478,1944,1931
3125,462,1973,1964
3133,447,1979,1965
3147,435,1984,1939
3159,434,1966,1918
3166,434,1950,1958
3172,447,1979,1955
3180,460,1961,1962
3180,475,1956,1961
3173,483,1959,2000
3153,482,1961,1927
3124,480,1954,1876
3116,471,1959,1947
3115,465,2005,1968
3121,453,1944,1889
3142,454,1920,1959
3156,454,1891,1924
3178,462,1939,1926
3200,472,1965,1890
3213,484,1986,1926
3225,504,2015,1915
3234,522,1935,1998
3212,537,2024,1944
3194,542,1970,1935
3155,522,1942,1928
3149,497,1963,1960
3128,483,1942,1951
3114,459,1936,1954
3112,440,1962,1910
3118,421,1910,1917
3126,413,1948,1872
3144,411,1970,1891
3153,425,1939,1842
3169,443,1876,1944
3175,464,1962,1898
3181,487,1954,1934
3179,513,1921,1969
3165,512,1905,1917
3145,504,1944,1954
3137,491,1906,1965
3139,480,1861,1951
3140,463,1893,1937
3157,456,1949,1885
3159,452,1840,1936
3182,459,1907,1937
3186,462,2002,1961
3197,482,1919,1951
3197,495,1924,1929
3203,506,1892,1896
3188,522,1941,2032
3167,512,1899,1940
3129,495,1924,1978
3106,469,1941,1927
3094,440,1915,1959
3083,418,1941,2017
3091,402,1956,1998
3097,391,1914,1969
3120,398,1863,1973
3139,410,1908,1961
3159,431,1947,1917
3178,453,1923,2001
3202,488,1935,1957
3208,512,1965,2018
3190,522,1951,1971
3162,513,1946,2002
3142,506,1899,1987
3120,486,1946,1979
3121,470,1964,1974
3124,454,1916,1959
3132,445,1891,1991
3146,441,1924,2001
3155,443,1932,1973
3168,441,1985,1926
3175,459,1929,2031
3176,471,1900,1976
3173,479,1979,2001
3163,489,1944,2020
3127,470,1967,2033
3094,451,1948,1999
3073,433,1991,1980
3066,420,1915,2014
3079,401,1945,1966
3084,398,1972,2043
3115,405,1948,1947
3149,420,1967,1947
3161,438,1976,2023
3186,461,1997,1996
3201,490,1946,1941
3213,511,2013,1993
3208,526,1999,2019
3179,527,2009,1968
3146,509,1998,1974
3120,492,2032,1974
3103,476,1968,2000
3107,449,1981,2022
3117,440,1982,1954
3127,430,1975,1968
3135,426,1994,1911
3153,423,1994,1915
3156,422,2016,1921
3163,438,1979,1921
3171,456,1972,1928
3159,468,1976,1915
3133,472,1978,1967
3116,468,1968,1929
3109,463,1923,1976
3097,452,1831,1955
3089,445,1932,1922
3121,440,1972,1953
3134,433,1964,1919
3163,441,1942,1918
3178,453,1976,1857
3195,466,1968,1893
3209,486,1971,1879
3211,506,1909,1962
3203,520,1958,1963
3200,532,2007,1948
3172,515,1988,1948
3143,512,1874,1951
3120,480,1949,1944
3116,460,1920,1976
3105,442,1930,1844
3117,419,1927,1911
3116,406,1961,1896
3134,406,1950,1918
3145,412,1982,1888
3160,435,1955,1898
3170,455,1908,1854
3176,476,1920,1925
3176,506,1902,2005
3172,513,1970,1907
3155,501,1909,1901
3144,497,1929,1933
3140,484,1906,1936
3138,468,1907,1946
3161,463,1920,1972
3174,459,1847,1940
3185,460,1950,1970
3195,464,1904,1966
3199,479,1886,1958
3205,497,1922,1960
3213,512,1963,1961
3203,528,1958,2007
3188,527,1857,1942
3152,504,1894,1909
3133,485,1899,1928
3110,462,1903,1953
3104,437,1873,1894
3103,426,1891,1946
3116,408,1913,1917
3127,408,1922,1944
3143,420,1911,1967
3170,441,1831,1988
3187,466,1917,1940
3204,488,1856,1996
3227,524,1941,1983
3221,543,1921,2003
3194,541,1906,2008
3179,523,1896,2000
3157,507,1904,2026
3146,492,1943,1972
3147,477,1888,2022
3150,464,1932,1976
3154,458,1911,1925
3179,462,1933,2025
3184,459,1945,2035
3194,470,1925,1989
3203,486,1924,2025
3194,496,1946,2038
3189,503,1963,2019
3166,500,1913,1989
3128,482,1870,1991
3102,463,1933,2001
3097,441,1936,2015
3100,423,1909,1962
3117,425,1976,1932
3131,422,1913,1970
3153,432,1912,1985
3179,453,1971,1946
3198,470,1969,1980
3216,501,1942,2055
3225,518,1971,1975
3220,533,1934,1955
3217,545,1957,2008
3175,525,1941,2024
3152,513,1937,1969
3134,497,1960,2011
3125,471,1908,1970
3127,460,1907,1958
3135,440,1929,1923
3142,429,1981,1965
3155,437,1940,1909
3165,434,1966,1958
3171,444,1965,1955
3179,455,2026,1945
3165,472,1943,1950
3155,483,1959,2016
3129,475,1950,1950
3116,469,1966,1981
3101,461,1947,1933
3100,448,1901,1933
3106,441,1951,1908
3132,442,1951,1948
3159,434,1909,1878
3169,446,1959,1895
3188,458,1952,1928
3202,479,2031,1917
3202,489,1989,2046
3205,509,2000,1970
3197,523,1981,1946
3171,524,1949,1973
3147,505,1913,1954
3111,483,1969,1907
3107,464,1943,1914
3091,436,1954,1924
3106,422,1965,1877
3107,399,1935,1900
3117,393,1969,1909
3129,398,1955,1933
3130,409,1972,1872
3150,431,1939,1953
3162,452,1949,1957
3161,480,1969,1908
3156,491,1904,1931
3137,489,1946,1975
3119,485,1880,1941
3109,472,1908,1947
3117,461,1924,1870
3138,450,1934,1879
3134,444,1913,1867
3154,444,1915,1953
3160,447,1914,1883
3176,453,1992,1965
3186,466,1947,1977
3186,483,1906,1949
3193,498,1995,1969
3176,512,1920,1938
3147,501,1916,1963
3109,481,1933,1940
3082,449,1943,1919
3077,426,1901,1911
3071,401,1906,1912
3090,389,1913,1978
3088,386,1904,1908
3119,396,1970,1912
3131,405,1967,1975
3158,434,1905,1945
3174,463,1882,1958
3197,490,1965,1929
3195,513,1913,2041
3176,519,1911,1994
3154,511,1936,2046
3137,495,1875,1982
3126,477,1911,2028
3115,460,1915,1975
3122,447,1943,1992
3131,438,1918,2051
3152,434,1996,1918
3160,443,1979,1959
3174,451,1932,1886
3179,465,1946,2007
3183,481,2022,1971
3178,493,1989,1972
3164,489,2002,2033
3118,473,1899,1988
3097,456,1935,1975
3082,437,1915,1956
3080,421,1924,2004
3097,417,1957,1970
3111,411,1948,2009
3137,415,1899,2009
3165,430,1970,1900
3177,450,2000,1983
3209,483,1932,1974
3212,502,1984,1972
3222,526,1998,2056
3215,537,1904,1992
3187,535,1925,1936
3151,520,1946,1933
3135,503,1958,1979
3120,477,1947,1961
3123,463,1967,1942
3130,447,1968,1926
3142,437,2007,1990
3160,434,1974,1987
3158,429,2012,1949
3166,440,1958,1936
3178,455,1961,1936
3176,474,2017,1949
3167,486,1999,1915
3148,491,2027,2027
3123,478,1976,1906
3113,471,1924,1911
3109,458,1914,1958
3120,456,1942,1926
3142,452,1959,1952
3157,452,1908,1890
3174,451,1944,1914
3202,471,1977,1928
3212,480,1968,1984
3214,499,1957,2003
3231,521,1978,1948
3220,534,1924,1974
3202,538,1932,1956
3162,527,1985,1952
3140,505,1926,1914
3125,482,1926,1957
3117,460,1923,1984
3123,444,1920,1932
3121,420,1940,1916
3133,417,1882,1923
3148,414,1899,1921
3152,427,1912,1908
3168,442,1944,1897
3173,462,1930,1971
3187,487,1936,1992
3180,508,1904,1922
3173,513,1953,1931
3152,505,1914,2022
3137,496,1900,1977
3140,485,1882,1941
3144,468,1862,1898
3153,465,1895,1961
3162,457,1868,1962
3180,463,1948,1926
3194,468,1942,1958
3204,482,1961,1967
3203,495,1917,1950
3206,515,1928,1931
3201,528,1981,1941
3180,521,1900,1996
3145,502,1918,1974
3116,476,1913,2005
3107,450,1926,1910
3088,429,1899,2002
3095,412,1884,1961
3106,404,1867,1949
3129,405,1893,1924
3154,416,1914,1934
3164,444,1922,1985
3190,470,1903,1912
3210,497,1927,2008
3220,521,1874,1980
3214,531,1941,1950
3189,531,1874,2029
3160,516,1896,1958
3146,501,1895,1934
3136,480,1924,1956
3144,470,1889,2023
3145,455,1899,1963
3159,449,1854,1906
3173,453,1855,1941
3172,456,1934,1991
3191,474,1914,2009
3197,488,1935,2011
3196,495,1953,1976
3170,497,1918,1991
3151,482,1961,1993
3114,474,1913,1960
3086,453,1923,2005
3081,430,1906,1971
3087,422,1904,1927
3104,415,1933,1917
3124,424,1908,1960
3161,425,2003,1957
3178,446,1924,1947
3199,467,1914,1972
3218,495,1918,1965
3223,519,1947,1907
3221,533,1951,2020
3201,540,1932,1942
3165,518,1948,1949
3140,501,1954,2000
3126,479,1908,1990
3114,462,1951,1876
3127,446,1915,1915
3131,436,1975,1900
3139,429,1992,1941
3153,430,1945,1963
3162,430,1954,2011
3161,438,1998,1925
3176,461,1981,1930
3166,476,2006,1973
3144,476,1953,1944
3117,470,1945,1992
3103,457,1963,1988
3096,447,1947,1946
3094,441,1951,1930
3113,445,1957,1927
3133,435,1953,1894
3146,439,1947,1925
3180,448,1969,1905
3188,465,1865,1953
3204,483,1985,1909
3205,496,1967,1951
3203,517,1945,1946
3193,524,1998,1942
3167,514,1955,1932
3136,498,1984,1883
3106,480,1915,1895
3104,457,1919,1917
3106,432,1905,1961
3100,413,1909,1922
3111,401,1911,1881
3120,400,1961,1893
3124,404,1906,1913
3143,416,1926,1954
3152,437,1997,1890
3158,460,1941,1922
3166,484,1976,1902
3163,497,1899,1885
3133,493,1920,1916
3125,481,1896,1943
3122,475,1940,1940
3125,464,1891,1917
3132,449,1918,1912
3152,447,1875,1939
3160,448,1921,1942
3173,455,1887,1933
3177,464,1889,1970
3190,483,1916,1987
3195,494,1969,1946
3186,514,1928,1988
3180,513,1923,1939
3136,496,1912,1974
3117,478,1891,2039
3090,445,1905,1945
3082,426,1917,1927
3087,410,1896,1928
3095,391,1896,1943
3106,393,1891,1939
3129,401,1898,1971
3156,423,1940,1994
3170,450,1925,1914
3198,474,1916,1966
3198,504,1913,1955
3202,524,1889,2010
3181,530,1896,1942
3161,514,1871,2044
3136,503,1895,1976
3134,483,1896,2007
3130,464,1906,2016
3138,453,1884,1999
3149,443,1875,1987
3166,445,1983,1932
3169,448,1926,1960
3182,460,1949,2005
3188,476,1895,2044
3190,487,1960,2014
3184,498,1992,2020
3157,500,1995,1942
3121,473,2006,1968
3103,457,1926,2037
3085,440,1870,2006
3093,428,1905,1972
3109,419,1871,1918
3129,416,1951,1938
3147,423,1956,1953
3177,452,1956,1971
3202,466,1935,1971
3217,491,1905,1955
3233,510,1965,1975
3225,540,1929,1978
3217,542,1957,1998
3178,534,1926,1992
3156,522,1946,1952
3143,497,1935,1912
3138,478,1950,1955
3145,468,2003,1970
3143,451,1941,1944
3156,438,1970,1961
3168,435,1943,1939
3175,439,1900,1970
3184,449,1916,1973
3180,465,1968,1948
3182,482,1951,1935
3173,496,1910,1904
3155,493,1920,2004
3139,487,1936,2021
3114,475,1982,1962
3116,467,1899,1970
3137,457,1927,1976
3152,459,1917,1919
3179,459,1941,1940
3190,469,1888,1955
3205,478,1889,1913
3221,490,1901,1973
3229,512,1935,1940
3236,535,1946,1978
3223,544,1918,1955
3196,543,1928,1914
3170,525,1940,1981
3152,507,1879,1919
3122,483,1914,1901
3118,464,1914,1952
3122,443,1923,1903
3132,422,1892,1942
3144,418,1909,1893
3154,418,1947,1909
3163,426,1921,1899
3168,451,1896,1926
3185,472,1895,1929
3193,495,1945,1905
3187,510,1905,2024
3166,507,1842,1912
3152,504,1884,2000
3148,492,1886,1888
3150,480,1897,1902
3159,473,1834,1889
3162,464,1898,1879
3173,454,1878,1920
3189,463,1897,1949
3191,474,1891,1946
3205,484,1880,1947
3208,501,1956,1981
3210,518,1894,1988
3189,521,1935,1985
3167,517,1957,1984
3141,499,1936,1964
3112,467,1927,1916
3092,439,1875,2016
3086,419,1870,2048
3089,404,1847,1863
3109,393,1821,1950
3135,402,1887,1921
3144,420,1885,1942
3160,438,1858,2040
3182,461,1926,1997
3197,490,1908,1970
3203,519,1947,1939
3193,522,1908,1990
3159,523,1895,2014
3147,499,1882,1969
3130,487,1871,1933
3128,466,1955,1961
3131,453,1944,1951
3141,448,1944,1974
3146,438,1991,1977
3160,441,1975,1956
3169,454,1917,1938
3182,463,1940,2047
3184,477,1916,1999
3173,485,1950,1993
3158,483,1931,1973
3116,465,1938,1994
3099,456,1867,1993
3075,429,1932,1984
3071,416,1965,1973
3082,404,1942,1980
3097,398,1939,1976
3119,401,1958,1938
3145,420,1927,1975
3168,439,1933,1922
3185,462,1998,1938
3204,483,1915,1983
3214,507,2030,1945
3193,523,1978,2034
3173,516,1973,1988
3141,511,1959,2023
3115,488,1946,1945
3108,462,1986,1967
3099,453,1961,1971
3110,427,1995,1921
3118,422,1950,1941
3137,422,2010,1858
3141,413,1924,1944
3151,418,1986,1945
3152,442,1988,1907
3154,451,1982,1950
3149,469,1960,1955
3132,475,1927,1950
3108,460,1951,1945
3095,454,1963,2018
3080,442,1931,1935
3090,435,1921,1906
3114,434,1950,1929
3136,429,1947,1936
3155,437,1923,1880
3179,450,1953,1905
3185,459,1961,1912
3198,482,2031,1922
3200,502,1937,1891
3192,515,1933,1928
3190,524,1989,1872
3153,508,1953,1959
3134,495,1970,1974
3106,472,1907,1922
3102,447,1896,1954
3098,435,1883,1923
3099,405,1972,1897
3100,400,1935,1813
3132,402,1891,1899
3134,404,1942,1927
3149,423,1921,1939
3152,448,1963,1900
3167,471,1929,1943
3172,491,1909,1928
3159,498,1880,1931
3140,498,1923,1963
3127,485,1943,2008
3125,477,1890,1944
3127,464,1916,1907
3144,454,1903,1944
3155,447,1903,1924
3177,456,1906,1930
3181,458,1906,1963
3198,475,1895,1908
3201,490,1966,1974
3207,514,1979,1935
3197,523,1943,2006
3179,516,1954,1987
3148,500,1895,1938
3116,483,1889,1933
3106,453,1910,1928
3098,431,1864,1932
3102,414,1860,1926
3108,410,1891,1981
3123,406,1892,1956
3147,414,1883,1891
3170,437,1883,1913
3190,465,1872,1967
3210,496,1913,1978
3216,520,1907,2019
3212,536,1895,1979
3188,533,1851,1957
3176,526,1916,2008
3154,500,1935,2008
3146,489,1926,2004
3147,476,1893,1935
3145,461,1916,1960
3158,454,1889,1992
3177,454,1901,1978
3184,458,1937,1967
3198,474,1950,1999
3200,484,1961,1976
3195,499,1886,2007
3179,503,1879,2044
3155,496,1939,2019
3125,481,1933,2002
3110,459,1943,2049
3092,437,1926,1974
3102,431,1909,2040
3117,427,1960,2040
3137,423,1933,1903
3162,435,1899,1946
3180,452,1932,1984
3208,475,1971,1941
3229,500,1972,1956
3236,521,1879,1985
3222,542,1900,2047
3212,546,1968,2026
3179,530,1918,2073
3155,517,1985,1972
3137,495,1936,1991
3129,471,1984,1992
3135,457,1965,1963
3139,445,1936,1980
3151,433,1920,1927
3160,435,1919,1920
3168,434,2008,1954
3180,446,2009,1932
3186,466,1977,1988
3176,479,1976,1966
3160,484,1971,1971
3141,482,1896,1938
3114,479,1939,1936
3105,466,1925,1954
3115,451,1956,1897
3133,447,1964,1897
3145,444,1947,1918
3161,448,1933,1942
3190,452,1925,1938
3201,470,1955,1948
3208,487,1998,1933
3209,504,1967,1979
3219,520,1938,1959
3200,527,1970,1954
3175,526,1933,1905
3136,505,1960,1962
3118,488,1914,1929
3114,459,1903,1937
3097,441,1922,1919
3109,421,1905,1959
3116,409,1980,1921
3123,402,1947,1908
3134,406,1915,1926
3149,420,1936,1897
3153,439,1907,1907
3167,464,1925,1976
3173,483,1966,1875
3149,497,1910,1818
3136,493,1917,1926
3122,487,1963,1932
3120,476,1969,1919
3122,456,1880,1929
3141,452,1930,1888
3144,440,1933,1857
3160,443,1913,1955
3167,449,1958,1955
3175,460,1949,1991
3188,476,1942,1931
3190,493,1930,1920
3182,511,1931,1965
3170,506,1955,1982
3134,493,1948,1916
3110,478,1942,1984
3087,447,1938,1969
3077,426,1888,1913
3075,406,1909,1923
3092,390,1935,1933
3099,384,1934,1930
3123,394,1927,1907
3135,411,1935,1960
3157,432,1928,1954
3169,456,1933,1985
3184,495,1910,1976
3191,510,1898,1955
3176,518,1947,1930
3151,506,1906,1929
3137,489,1937,1954
3117,475,1955,2006
3132,461,1938,1924
3124,446,1921,1955
3131,435,1929,1929
3151,439,1982,1981
3160,439,1971,1965
3170,447,1969,1958
3171,466,1995,1933
3186,483,1969,1953
3171,489,1948,1947
3150,489,2019,2008
3113,469,1955,1967
3091,451,1928,2002
3070,428,1951,2002
3071,410,1940,1894
3080,408,1938,1937
3103,403,1969,1928
3138,412,1974,1992
3160,423,1993,1922
3183,445,1981,1853
3195,476,2002,1952
3216,498,1978,1969
3217,519,1959,1935
3205,535,1975,1986
3175,520,1981,1976
3144,503,1934,1926
3126,485,1987,1974
3115,464,1970,2016
3122,455,1980,1990
3122,438,1993,1918
3130,427,1997,1936
3151,422,1978,1972
3159,424,1947,1895
3170,435,2032,1953
3165,448,1953,1915
3171,464,1975,1923
3155,472,2004,1939
3139,480,1960,1955
3116,470,1983,1881
3103,459,1916,1951
3098,452,1949,1944
3107,444,1918,1909
3129,438,1992,1921
3148,438,1963,1914
3168,447,1965,1910
3188,457,1959,1892
3204,472,1958,1924
3208,492,1948,1959
3220,510,1947,1919
3202,523,1921,1974
3183,530,2020,1897
3155,512,1924,1990
3129,499,1993,1910
3119,479,1890,1937
3105,448,1924,1838
3106,430,1969,1910
3121,419,1956,1882
3128,409,1941,1883
3143,403,1939,1917
3150,417,1938,1925
3164,437,1924,1884
3174,460,1947,1934
3174,487,1918,1959
3179,505,1965,1895
3148,504,1905,1904
3143,497,1900,1903
3141,488,1885,1900
3141,479,1871,1972
3142,468,1902,1966
3147,462,1889,1913
3170,456,1926,1924
3180,459,1942,1863
3192,464,1934,1937
3199,479,1936,1948
3205,496,1931,1955
3210,519,1907,1891
3199,523,1886,1944
3165,521,1901,2059
3130,491,1924,1943
3109,468,1889,1970
3099,438,1857,1946
3084,422,1868,1939
3101,406,1924,1958
3112,400,1871,1923
3132,402,1944,1948
3150,414,1843,1955
3168,438,1924,1938
3189,464,1936,1960
3209,499,1881,1939
3211,524,1925,1968
3205,533,1896,1956
3175,524,1947,1983
3158,511,1916,2008
3144,494,1919,2006
3135,474,1940,1962
3135,462,1961,1977
3145,453,1905,1978
3160,449,1964,1943
3173,446,1942,1977
3180,459,1996,1970
3187,466,2007,1989
3195,482,1910,2040
3185,497,1912,2035
3170,495,1943,2054
3135,483,1940,2017
3109,462,1943,2067
3089,443,1905,1982
3079,428,1988,2035
3089,414,1930,1952
3110,411,1911,1941
3120,409,1925,1881
3149,430,1979,1973
3172,446,1969,1952
3193,473,1942,1924
3214,491,1966,1979
3216,515,1971,1971
3210,528,1930,1971
3187,532,1981,1995
3159,513,1992,1999
3129,500,1978,1964
3118,478,1965,1999
3113,458,1979,1932
3118,439,1929,1946
3130,432,1982,1977
3140,428,1974,1901
3153,420,1991,1889
3156,431,1996,1929
3164,441,2002,2010
3168,458,1973,1866
3155,471,2001,1930
3146,478,2040,1948
3112,466,1939,1962
3097,458,1988,1913
3099,451,1955,1984
3097,438,1962,1921
3123,435,1891,1892
3146,439,1920,1873
3156,439,1980,1892
3176,449,1923,1903
3190,463,1973,1859
3193,482,2015,1883
3203,498,1969,1940
3196,513,1964,1864
3189,522,1981,1933
3147,508,1990,1906
3126,497,1975,1917
3112,474,1951,1922
3097,451,1949,1902
3091,425,1924,1942
3100,411,1961,1850
3113,393,1965,1855
3118,395,1993,1918
3125,400,1972,1878
3144,416,1943,1916
3152,437,1986,1924
3158,461,1967,1914
3160,484,1953,1935
3147,493,1924,1934
3135,485,1910,1952
3125,477,1898,1868
3115,468,1898,1863
3125,451,1909,1944
3135,446,1940,1856
3143,441,1944,1892
3163,448,1952,1913
3168,452,2004,1958
3182,458,1933,1883
3185,482,1930,1913
3189,491,1971,1954
3183,512,1924,1963
3169,508,1926,1962
3132,487,1900,1992
3111,475,1899,1937
3087,446,1870,1927
3077,418,1906,1997
3085,400,1939,1936
3101,391,1885,1930
3108,393,1885,1951
3130,405,1922,1914
3151,425,1916,1937
3170,446,1905,1945
3197,478,1955,1923
3196,502,1925,2021
3193,527,1888,2005
3170,519,1899,1975
3159,514,1921,2007
3139,494,1932,1978
3124,477,1932,2020
3136,466,1935,1957
3135,457,1917,1941
3138,438,1961,1950
3164,442,1937,1915
3169,448,1962,2006
3182,462,1923,1974
3191,472,1917,2046
3186,487,1947,1972
3181,496,1999,1973
3151,491,1906,1983
3123,475,1974,1934
3094,453,1938,2023
3088,430,1942,1989
3080,424,1913,1990
3103,420,1970,1933
3124,415,1942,2020
3164,434,1925,1937
3181,442,1910,1999
3189,461,1919,1993
3216,485,1957,1980
3225,519,2015,1944
3221,531,1959,1985
3212,538,1994,2001
3169,523,1967,1955
3145,511,1939,1998
3127,492,1935,2025
3122,471,1947,1921
3131,458,1971,1958
3136,442,1990,1957
3146,435,1937,1950
3157,429,2016,1903
3167,433,1989,1997
3178,450,1968,1943
3177,459,2001,2027
3171,472,2022,1970
3163,483,2004,1950
3135,481,1947,1997
3123,476,1977,1984
3110,465,1900,1925
3114,451,1918,1951
3128,451,1944,1943
3140,451,1982,1876
3157,444,1948,1919
3192,452,1936,1939
3195,468,1992,1940
3207,482,1930,1970
3218,504,1974,1948
3218,520,1991,1969
3204,536,1954,1961
3188,535,1950,1928
3156,513,2001,1916
3128,496,1961,1945
3105,466,1947,1950
3105,445,1952,1871
3117,430,1960,1933
3122,413,1889,1874
3132,407,1909,1911
3135,410,1937,1883
3149,418,1925,1932
3168,440,1900,1941
3170,472,1902,1945
3179,486,1911,1948
3175,505,1903,1945
3148,502,1903,1921
3146,493,1905,1917
3129,479,1939,1968
3133,467,1874,1899
3142,455,1887,1904
3158,456,1938,1907
3167,453,1956,1948
3179,455,1925,1883
3184,468,1903,1925
3194,475,1947,1912
3201,496,1977,2005
3190,512,1936,1938
3184,519,1920,2014
3160,504,1929,1970
3118,483,1936,2019
3102,456,1934,1934
3084,429,1880,1991
3081,409,1917,1920
3093,395,1962,1922
3099,388,1945,1938
3123,401,1903,1905
3140,416,1936,1974
3153,435,1933,1949
3182,468,1918,1968
3194,497,1964,1924
3191,515,1929,2031
3183,521,1926,2015
3160,513,1890,1988
3138,500,1886,2002
3124,477,1932,1938
3116,463,1958,1929
3133,453,1984,1989
3128,443,1998,1980
3155,442,1981,1950
3171,441,1971,1994
3174,449,1923,1959
3182,461,1955,2028
3187,480,1976,2006
3167,484,1942,2011
3153,487,1962,1995
3116,473,1945,2033
3094,451,1937,2002
3076,433,1951,1995
3080,414,1941,1981
3084,408,1938,1967
3105,403,1953,1972
3130,413,1991,1934
3153,421,1899,1888
3180,450,1976,1929
3198,470,1960,1972
3205,497,1953,1952
3213,518,2029,1971
3205,530,1962,1947
3181,525,2018,1922
3147,510,1979,2004
3127,492,2044,1953
3106,471,2019,1989
3112,452,1964,1948
3121,436,2068,1940
3137,420,1975,1949
3150,421,2010,1943
3145,418,2048,1925
3157,435,2027,1900
3169,441,2026,1965
3164,456,2013,1968
3153,470,1941,1955
3136,476,1996,1897
3102,466,1988,1954
3094,460,1977,1970
3093,443,1986,1889
3102,436,1957,1961
3127,437,1947,1941
3151,435,1998,1905
3162,446,1962,1899
3182,456,1978,1958
3194,471,1977,1900
3208,484,1958,1883
3217,506,2027,1921
3204,520,2007,1911
3186,526,1975,1921
3151,512,2012,1919
3135,499,1978,1951
3115,473,1959,1944
3108,453,1955,1889
3109,427,1922,1917
3118,414,1932,1965
3117,402,1944,1901
3129,407,1969,1924
3149,413,1927,1935
3158,433,1924,1919
3168,453,1921,1973
3174,481,1948,1947
3169,495,1911,1921
3156,509,1912,1951
3138,497,1907,1870
3125,485,1888,1956
3130,474,1894,1946
3143,465,1937,1884
3154,457,1917,1919
3154,442,1897,1908
3172,458,1940,1953
3183,468,1969,2022
3191,474,1943,2014
3198,491,1943,1934
3203,508,1926,1912
3196,520,1989,1971
3169,516,1958,1958
3143,492,1890,1965
3109,472,1866,1965
3095,444,1912,1945
3084,424,1911,1971
3096,409,1866,1881
3108,397,1945,1968
3123,399,1894,1986
3143,415,1900,1984
3163,436,1921,1929
3181,465,1897,1952
3201,491,1914,1925
3222,521,1951,2000
3207,534,1893,1994
3182,524,1921,1972
3163,517,1887,1984
3142,497,1895,1956
3135,480,1889,2047
3137,468,1941,1933
3143,453,1977,1953
3155,448,1983,1952
3167,451,1974,1966
3182,457,1933,2011
3192,471,1944,2018
3192,485,1963,2030
3189,495,1945,2009
3175,499,1963,2050
3142,484,1946,2080
3111,470,1953,1971
3088,452,1983,1994
3085,425,1986,2005
3093,420,1967,1988
3109,413,1926,1927
3137,417,1950,1965
3161,433,1966,1931
3174,448,1949,1941
3207,477,1956,1934
3220,501,2002,1965
3232,520,1954,1956
3224,538,1989,1982
3196,538,1970,1970
3167,526,1950,1958
3144,510,2029,1990
3127,479,1967,1918
3122,468,1951,1970
3133,446,1979,1971
3142,437,1958,1930
3150,428,1956,1943
3156,430,1994,1893
3171,436,1994,1928
3176,446,1967,1973
3185,465,1971,1936
3170,477,2028,1991
3161,483,2011,1912
3124,476,2029,1948
3120,473,1908,1962
3107,457,1930,1988
3113,454,1940,1943
3134,449,1986,1879
3147,445,1980,1944
3163,449,1990,1890
3188,460,1995,1906
3199,473,1955,1905
3207,487,2021,1881
3210,507,1911,1886
3209,521,1929,1933
3195,526,2001,1950
3169,518,1948,1946
3151,509,1965,1928
3117,491,1973,1939
3111,463,1983,1909
3111,441,1918,1847
3114,422,1953,1911
3123,407,1934,1909
3133,409,1944,1880
3144,409,1990,1858
3149,428,1954,1917
3162,443,1892,1913
3170,465,1916,1959
3168,495,1949,1958
3161,497,1953,1915
3139,493,1909,1905
3127,492,1900,1949
3123,471,1890,1959
3135,467,1936,1962
3145,459,1869,1952
3158,448,1947,1906
3167,453,1878,1900
3178,457,1911,1933
3185,466,1929,1961
3189,483,1972,1942
3201,503,1884,2002
3195,512,1911,1953
3175,517,1925,1965
3135,496,1962,1961
3119,472,1912,1945
3100,449,1889,2006
3079,423,1955,1975
3085,406,1973,1954
3097,395,1927,1949
3100,391,1871,1971
3136,399,1931,1948
3149,419,1988,1907
3175,450,1922,1966
3189,480,1923,1955
3201,503,1983,1982
3203,521,1931,1979
3168,519,1931,1967
3156,509,1937,2017
3133,492,1984,1969
3123,475,1918,1947
3127,462,1983,1997
3133,447,1966,1953
3138,438,1955,1966
3157,441,1928,1946
3164,440,1900,1933
3173,454,2004,2026
3182,472,1982,1983
3178,483,1994,1980
3165,492,1986,1997
3149,487,1964,1985
3113,468,1930,1988
3086,449,1947,1992
3072,429,2022,2054
3068,415,1970,1981
3088,403,1912,2023
3108,404,1966,1912
3137,416,2015,1911
3159,431,1950,1938
3185,451,1981,1938
3208,479,1996,1974
3211,504,1984,1944
3207,524,2016,2008
3198,538,1983,2002
3169,526,1978,1961
3148,506,2027,2053
3118,489,1935,1984
3112,465,1983,1991
3120,453,2013,1929
3127,436,1949,1967
3133,423,1932,1968
3149,425,1980,1929
3157,433,1972,1914
3165,439,1972,1877
3167,456,2010,1992
3166,466,2016,1953
3148,473,1998,1894
3127,480,1982,1904
3116,474,1962,1953
3094,460,2024,1957
3102,450,2010,1873
3113,442,1948,1919
3137,441,1959,1917
3148,439,1903,1906
3181,454,1937,1908
3185,462,1976,1929
3201,481,1982,1952
3211,503,1999,1924
3216,514,1909,1902
3203,529,1988,1909
3180,527,1952,1928
3152,515,1936,1862
3125,496,1992,2008
3115,473,1902,1934
3110,449,1964,1902
3116,434,1976,1887
3125,413,1932,1849
3132,411,1904,1886
3133,406,1928,1907
3154,420,1899,1884
3167,440,1958,1856
3176,464,1874,1971
3181,496,1956,1924
3173,507,1920,1939
3159,504,1912,1935
3147,499,1874,1907
3142,484,1898,1978
3133,471,1907,1989
3151,467,1870,1844
3160,459,1949,1947
3171,451,1914,1892
3188,460,1991,1879
3190,472,1990,1910
3203,487,1918,1926
3209,502,1887,1933
3201,512,1928,2001
3191,518,1950,1974
3164,518,1939,1953
3133,496,1949,2028
3110,467,1886,1927
3093,445,1902,1987
3093,418,1903,1892
3103,405,1888,1926
3109,399,1870,1888
3133,409,1925,1844
3154,418,1897,1942
3174,446,1915,1961
3196,475,1936,2006
3207,500,1897,1961
3216,526,1925,1993
3208,538,1894,1979
3174,527,1878,1967
3156,513,1907,1979
3137,491,1958,1996
3131,476,1950,1995
3139,462,1941,1937
3155,457,1960,1960
3158,447,1976,1962
3176,448,1954,1986
3180,463,1960,1905
3188,474,1963,1952
3190,488,1929,2024
3185,499,1948,1940
3168,500,1967,1938
3139,474,1974,1980
3112,470,1967,1982
3092,441,1907,1975
3088,427,1958,1984
3094,421,1986,1943
3112,418,1946,1994
3132,418,1985,1907
3165,432,1957,1981
3178,455,1950,1939
3209,476,1957,1986
3209,506,1948,1966
3220,529,2023,1954
3208,536,1985,1906
3188,532,1933,1952
3160,517,1988,2029
3135,500,1956,1974
3114,477,1998,1978
3118,458,1994,1938
3127,444,1985,1969
3140,433,1987,1927
3147,429,2036,1854
3159,426,1928,1913
3159,436,1970,1929
3173,450,1951,1974
3159,458,1970,1952
3161,472,1987,1925
3145,477,1901,1914
3115,468,1972,1909
3102,458,1901,1929
3100,447,1961,1915
3101,442,1966,1922
3125,435,1950,1870
3148,441,1947,1882
3170,449,1985,1879
3183,454,1998,1869
3203,468,1937,1867
3206,490,2016,1941
3206,503,2016,1943
3204,521,1950,1966
3190,523,1993,1922
3149,506,1917,1946
3129,497,1957,1877
3112,473,1920,1882
3104,447,1956,1906
3109,432,1905,1872
3106,414,2014,1902
3114,396,1927,1908
3133,398,1910,1829
3145,406,1992,1837
3148,424,1948,1916
3166,444,1946,1846
3169,470,1915,1918
3162,488,1953,1880
3158,494,1936,1985
3134,493,1938,1877
3128,487,1907,1952
3125,473,1898,1940
3128,460,1924,1875
3139,447,1933,1891
3149,444,1953,1905
3170,451,1968,1912
3182,458,1988,1925
3184,470,1968,1948
3193,480,1953,1863
3194,504,1966,1891
3192,511,1934,1924
3166,512,1949,1953
3131,494,1982,1978
3104,465,1926,1900
3090,442,1915,1996
3087,426,1943,1923
3088,403,1906,1950
3101,392,1961,1927
3111,395,1881,1924
3132,406,1928,1913
3154,428,1932,1936
3171,456,1911,1971
3195,486,1970,1967
3197,514,1950,2016
3197,524,1946,1969
3170,523,1919,2002
3151,509,1917,1956
3138,492,1910,1937
3137,475,1974,1953
3133,465,1986,1980
3139,454,1916,1945
3146,440,1923,1892
3166,444,1980,1959
3177,453,1982,1963
3181,465,1985,1971
3189,481,1924,2054
3187,491,1988,2038
3168,495,1998,2015
3144,486,2007,1991
3116,464,1957,1998
3089,452,1942,1968
3075,428,1928,1976
3090,417,1907,1984
3100,412,1980,1888
3123,411,1925,2017
3148,425,1951,1925
3171,434,1974,2006
3192,461,1896,1966
3218,492,1976,1960
3223,519,1998,2019
3214,540,1968,1945
3203,536,1988,1969
3168,522,1967,1959
3135,510,1939,2018
3128,480,1975,1971
3121,477,2008,1929
3136,454,1964,2003
3131,438,1923,1938
3154,430,1957,1917
3169,431,1995,1949
3158,438,1991,1914
3174,447,1970,1902
3176,466,1940,1948
3182,472,1986,1965
3161,484,1978,1943
3132,483,1926,1903
3118,473,1952,1954
3109,459,1966,1928
3112,454,1974,1924
3123,450,1954,1871
3139,448,1958,1892
3155,447,1946,1933
3192,459,1913,1908
3203,473,1928,1919
3223,492,1915,1936
3220,509,1938,1925
3218,527,2007,1979
3209,535,1921,1976
3175,529,1923,1889
3145,507,1907,1932
3126,490,1985,1851
3115,469,1941,1923
3104,443,1930,1926
3109,425,1913,1949
3121,413,1954,1878
3135,407,1899,1887
3143,410,1935,1819
3156,424,1920,1909
3164,437,1914,1963
3166,468,1972,1877
3181,493,1935,1937
3172,507,1928,1870
3156,501,1895,1938
3147,499,1935,1980
3129,486,1962,1913
3134,471,1903,1919
3144,467,1924,1908
3159,458,1885,1959
3173,458,1986,1875
3185,461,1928,1943
3194,467,1937,1957
3200,483,1945,1936
3202,499,1932,1954
3203,518,1918,1926
3183,521,1916,1996
3150,504,1959,1925
3123,486,1912,1980
3100,453,1918,1951
3096,430,1884,1883
3091,416,1929,1982
3098,402,1866,1863
3108,399,1880,1922
3131,408,1889,1844
3159,421,1891,1972
3177,446,1905,1953
3194,479,1918,1960
3207,506,1908,1982
3207,523,1922,1967
3189,531,1906,1988
3156,517,1913,1990
3147,500,1905,1970
3136,481,1918,1936
3128,472,1940,1960
3134,456,1928,1954
3148,443,1937,1975
3165,450,1986,1943
3169,449,1957,1979
3184,460,1957,1972
3190,470,1976,1997
3190,485,1935,1981
3178,496,1948,1964
3152,488,1929,1968
3120,472,1950,2007
3102,460,1945,2025
3085,438,2001,2023
3084,423,1939,1947
3099,418,1913,1987
3116,419,1941,1970
3145,422,1976,1947
3164,436,1985,2006
3188,462,1961,1929
3209,478,1963,2016
3220,511,1976,1972
3221,527,1948,1970
3210,539,1937,1980
3176,523,1981,2000
3144,517,1955,1984
3129,495,1975,1908
3115,473,1988,1974
3123,458,1940,1913
3123,443,1971,1999
3130,429,2003,1958
3154,429,1970,1986
3161,432,2042,1968
3166,439,1987,1919
3171,448,2025,1927
3170,467,1991,1921
3151,480,1922,1960
3129,477,1988,1957
3114,466,1960,1956
3099,459,1945,1932
3098,447,1995,1942
3106,443,1918,1955
3122,440,1929,1919
3150,437,1970,1935
3178,448,1967,1950
3185,460,2087,1871
3197,477,1911,1901
3211,492,2031,1900
3217,514,2000,1947
3204,524,2005,1888
3189,527,1905,1919
3150,509,1957,1941
3125,493,1994,1967
3112,473,1959,1896
3107,446,1988,1928
3110,429,1957,1939
3112,412,1944,1943
3123,407,1944,1973
3134,404,1949,1836
3149,415,1997,1889
3158,438,1915,1913
3167,455,1978,1928
3176,486,1946,1964
3175,499,1912,1867
3150,498,1921,1953
3143,492,1904,1930
3130,483,1872,1902
3129,473,1937,1884
3137,467,1933,1942
3149,457,1908,1891
3152,448,1968,1948
3176,461,1968,1896
3184,462,1938,1900
3196,476,1906,1947
3198,491,1912,2005
3201,506,1974,2020
3184,516,1853,1898
3163,508,1932,1942
3130,487,1935,1958
3102,470,1907,1950
3085,439,1876,1922
3090,415,1867,2012
3090,402,1904,1982
3105,397,1854,1982
3129,404,1934,1981
3147,412,1901,1999
3162,435,1939,1943
3182,468,1921,1966
3206,493,1925,1985
3212,516,1905,1933
3202,529,1930,1977
3178,521,1938,1980
3156,511,1895,1923
3139,493,1867,1996
3132,468,1901,1942
3140,469,1907,1994
3140,454,1915,1890
3155,448,1911,1903
3170,454,1883,2025
3179,460,1955,1958
3187,470,1935,2014
3194,486,1895,2040
3189,498,1958,1978
3174,500,1925,1972
3139,487,1943,2047
3111,467,1960,2005
3089,450,1901,2037
3097,437,1954,1999
3101,423,1918,2001
3118,417,1952,1925
3136,422,1910,1932
3167,442,1933,1986
3188,457,1951,1905
3215,483,1925,1980
3225,501,1950,2009
3226,527,1992,1942
3219,548,1965,2008
3196,539,2043,1995
3165,529,1971,1917
3144,507,1968,1988
3132,487,2009,1985
3124,468,1955,1954
3133,454,1948,1973
3147,441,1954,1951
3157,435,1948,1953
3166,437,1928,1930
3176,442,1954,1951
3181,453,1999,1906
3178,474,2008,1942
3172,483,1950,1967
3161,489,1919,1921
3128,480,1964,1925
3118,478,1959,1950
3110,466,1919,1954
3117,460,1900,1952
3131,446,1907,1958
3151,444,1930,1888
3176,458,1950,1879
3197,458,1964,1892
3206,476,1964,1910
3216,494,1994,1928
3225,517,2009,1909
3218,530,1989,1942
3204,541,1955,1932
3167,525,1966,1914
3144,514,1966,1955
3122,481,1958,1891
3115,461,1901,1997
3117,445,1953,1865
3122,424,1911,1926
3125,406,1907,1918
3138,407,1943,1871
3151,417,1901,1897
3162,432,1931,1928
3173,451,1967,1986
3179,480,1965,1903
3178,501,1916,1884
3171,512,1869,1958
3151,505,1900,1912
3137,492,1879,1995
3137,483,1917,1971
3136,470,1841,1954
3146,458,1888,1959
3164,452,1895,1945
3171,455,1955,1921
3185,463,1963,1993
3190,478,1991,1951
3200,491,1982,1961
3210,502,1952,2001
3194,517,1908,1973
3180,513,1930,1980
3140,499,1963,2013
3118,471,1933,1954
3101,451,1959,1962
3081,421,1895,1988
3088,405,1919,1987
3102,400,1919,1971
3113,397,1952,1934
3135,403,1942,1971
3156,424,1877,1970
3179,455,1894,2001
3192,477,1928,1993
3209,512,1937,1964
3202,528,1905,1930
3176,528,1891,1982
3158,516,1969,1950
3137,493,1912,1954
3129,477,1970,1965
3128,462,1940,1962
3139,452,1859,1999
3140,443,1959,1958
3164,446,1964,1969
3171,447,1945,1961
3177,460,1896,2009
3192,475,1943,2019
3184,486,1954,1970
3172,493,1956,1990
3147,488,1966,2007
3108,468,1955,2001
3091,444,1945,2005
3083,428,1924,1992
3082,417,1911,1966
3100,416,1978,2034
3121,412,1907,1909
3151,428,1984,1962
3174,441,1966,2038
3186,460,1926,2034
3208,483,1985,2008
3225,516,1951,1969
3219,525,1918,1980
3202,538,1935,2005
3166,523,1947,1972
3150,511,2011,2028
3125,489,1969,2038
3123,469,1919,1953
3129,451,1971,1956
3136,437,2004,1961
3152,431,1965,2033
3157,428,1934,1913
3163,428,1944,1914
3168,441,1962,1959
3173,461,1976,1959
3173,474,1953,1943
3162,487,1980,1890
3134,477,1926,1985
3116,470,1921,1963
3102,457,1961,1943
3112,458,1979,1931
3119,448,1914,1946
3137,441,1948,1906
3154,443,1994,1950
3190,457,1960,1882
3189,468,1936,1932
3209,485,1973,1951
3222,503,1981,1937
3212,523,1918,1987
3206,529,1967,1943
3185,536,1950,1878
3152,516,1960,2005
3134,497,1976,1986
3117,467,1936,1949
3116,449,1940,1929
3125,430,1944,1887
3124,414,1935,1904
3137,415,1947,1893
3151,412,1912,1893
3155,428,1900,1954
3167,453,1956,1816
3182,469,1961,1942
3192,495,1945,1959
3181,512,1925,1969
3159,511,1912,1911
3145,505,1902,1877
3143,495,1907,1960
3146,478,1889,1917
3154,473,1933,1911
3162,459,1914,1929
3172,462,1945,1891
3187,469,1914,1902
3200,473,1979,1888
3200,490,1937,1929
3204,505,1939,1903
3206,518,2001,1959
3198,534,1936,1982
3161,514,1958,1959
3137,492,1898,1994
3112,464,1894,1962
3096,442,1889,1923
3103,424,1899,1947
3117,410,1900,1899
3117,404,1897,1958
3142,413,1931,2016
3159,422,1917,1970
3180,447,1877,1948
3201,482,1909,2061
3215,512,1908,1951
3213,532,1883,2005
3205,537,1941,2025
3180,525,1961,2025
3159,506,1881,2089
3138,492,1891,1984
3137,470,1908,2042
3141,463,1914,1942
3157,453,1947,1942
3167,451,1916,1975
3174,455,1969,1967
3186,462,1971,1989
3195,478,1964,1911
3195,492,1978,2012
3187,499,1947,2016
3170,494,1969,2011
3133,478,1938,1999
3101,471,1955,1978
3094,448,1922,1985
3084,430,1945,1966
3100,423,1937,1960
3116,416,1912,1899
3139,419,1962,1996
3174,438,1896,1963
3194,458,1986,1957
3213,484,1973,1977
3224,511,1981,1971
3227,530,1966,2058
3209,540,1996,2011
3176,531,1965,2057
3159,521,2001,1976
3132,496,2015,1953
3124,477,1956,2004
3129,459,1953,1952
3136,446,1985,1965
3136,437,2033,1932
3156,429,1995,1991
3158,430,1994,1947
3172,442,2022,1974
3176,457,2029,1910
3173,466,1985,1944
3159,473,2009,2001
3145,481,1998,1997
3118,476,2019,2055
3107,471,1988,1905
3103,453,1969,1953
3121,446,1934,1913
3138,442,1970,2007
3151,441,1950,1967
3168,445,1948,1919
3195,459,1928,1957
3206,476,1986,1910
3216,497,1981,1908
3226,515,1990,1946
3212,532,1966,1950
3191,529,1972,1937
3160,518,2006,1971
3140,502,1982,1937
3121,479,1981,1932
3113,455,1958,1936
3111,437,1955,1966
3116,419,1990,1884
3133,407,1947,1879
3139,406,1910,1934
3144,417,1983,1915
3160,431,1925,1888
3171,457,1902,1934
3173,478,1928,1922
3179,498,1906,1898
3160,508,1962,1965
3151,504,1887,1978
3134,487,1891,1867
3139,477,1912,1954
3145,467,1905,1935
3147,456,1888,1892
3169,450,1901,1948
3182,459,1915,1936
3183,462,1935,1947
3194,479,1958,1947
3205,496,1962,1891
3206,510,1911,1950
3190,524,1921,2005
3166,517,1943,1998
3138,495,1909,1970
3110,472,1911,1888
3095,441,1902,1952
3084,418,1852,1960
3096,406,1949,2033
3106,394,1901,1927
3131,405,1927,1939
3139,412,1926,1933
3164,433,1918,1945
3190,462,1897,1998
3204,497,1939,1982
3206,517,1965,2029
3192,536,1957,1940
3174,521,1880,1990
3157,512,1944,1949
3146,498,1914,2008
3136,478,1908,2019
3141,466,1960,1974
3138,452,1979,1951
3156,447,1934,2006
3172,452,1961,2014
3184,454,1910,2063
3195,471,2010,2022
3195,484,2009,1991
3184,492,1909,2001
3168,500,1995,2001
3138,488,1985,1950
3114,468,1939,1957
3093,446,1922,2000
3084,430,1903,1981
3091,416,1971,2018
3109,421,1988,1964
3133,419,1919,1958
3162,435,1969,1898
3184,449,1978,2014
3207,475,1985,1976
3222,498,1948,2013
3227,520,1945,1945
3216,533,1961,2014
3201,545,2003,2017
3173,532,1953,1983
3145,511,1984,2023
3128,492,1935,1994
3129,467,2023,1932
3134,455,1989,1946
3137,440,1981,1957
3155,432,1940,1998
3164,431,1976,1962
3174,441,2024,1980
3176,449,1956,1892
3182,468,1939,2007
3169,487,1965,1974
3163,490,1954,1930
3130,480,1937,1936
3117,476,1932,1936
3109,463,1906,1921
3115,453,1956,1883
3135,455,1945,1947
3151,448,1936,1929
3168,450,1974,1951
3194,462,2001,1992
3209,478,1995,1906
3217,496,1935,1945
3220,513,1984,1934
3222,528,1941,1927
3200,532,1950,1970
3179,531,1969,1942
3143,515,1918,1939
3133,490,1899,1885
3114,467,1941,1960
3119,439,1947,1907
3119,424,1942,1981
3128,408,1938,1857
3141,417,1973,1880
3151,414,1917,1889
3154,427,1928,1921
3169,454,1979,1965
3180,482,1918,1864
3184,502,1984,1932
3169,504,1926,1915
3157,509,1906,1904
3139,497,1891,1951
3130,484,1934,1952
3139,473,1900,1957
3156,457,1889,1923
3162,452,1898,1963
3170,459,1934,1984
3185,464,2005,1965
3195,475,1934,1957
3208,486,1950,1931
3206,512,1925,1970
3202,522,1942,1947
3182,521,1925,1948
3152,498,1929,2005
3121,482,1942,1896
3101,453,1895,1997
3093,431,1889,1979
3098,415,1925,2003
3098,400,1962,1908
3113,398,1828,1937
3136,407,1926,1929
3156,432,1931,2041
3189,457,1918,2039
3203,484,1918,1970
3211,514,1906,1965
3215,531,1905,2014
3180,529,1927,1944
3164,518,1939,2032
3147,510,1922,2024
3140,489,1918,2036
3132,467,1997,1956
3136,454,1890,1999
3151,450,1933,2006
3168,447,1926,1960
3171,447,2005,1996
3186,463,1940,1940
3192,474,2004,2008
3189,491,1956,2008
3176,498,1985,1977
3153,493,1939,2012
3117,468,1934,2009
3091,453,1953,1965
3081,430,1965,1974
3083,423,1908,1971
3096,410,1899,1937
3121,418,2033,1992
3144,419,1986,1954
3165,432,1984,1967
3193,463,2024,1999
3207,489,1967,1994
3217,512,1995,2043
3215,527,2029,1989
3200,537,1958,1921
3165,532,2013,2007
3145,509,1969,1955
3125,490,1990,1966
3119,475,1995,1988
3126,448,1997,1942
3131,438,1981,2020
3137,427,1963,2009
3149,426,1953,1937
3162,428,1955,1902
3169,437,1975,1965
3168,455,1972,1918
3176,465,2013,1933
3158,484,2001,1927
3139,474,1959,1983
3105,473,1962,1952
3096,457,1923,1957
3106,453,1985,1992
3117,439,1995,1990
3137,446,1973,1906
3152,434,1967,1923
3172,449,1967,1929
3192,456,2013,1881
3203,483,2001,1952
3213,498,2007,1981
3214,513,1987,1944
3203,527,1995,1943
3187,528,1974,1986
3152,515,1955,1858
3131,491,1930,2005
3106,469,1966,1991
3106,445,1977,1953
3114,432,1917,1920
3120,409,1950,1885
3127,404,1967,2023
3140,412,1971,1882
3148,419,2034,2013
3166,436,1918,1958
3177,468,1944,1977
3178,489,1926,1941
3174,506,1937,1920
3155,497,1944,1952
3150,500,1947,1915
3143,489,1958,1950
3139,477,1972,1985
3144,468,1919,1941
3161,459,1943,1918
3167,449,1888,1945
3184,462,1915,1947
3191,469,1947,1943
3202,486,1980,1969
3208,500,1895,1931
3206,518,1966,1972
3191,520,1911,2009
3167,512,1898,1890
3139,493,1891,1978
3111,468,1938,1930
3093,441,1913,1998
3089,423,1919,1989
3100,401,1904,1922
3114,396,1882,1999
3132,413,1932,1981
3151,420,1912,2012
3175,450,1919,2007
3193,478,1896,2019
3208,503,1867,2026
3220,528,1918,2034
3199,535,1902,2023
3173,525,1934,2012
3156,513,1959,2010
3140,495,1896,2029
3132,475,1896,1950
3138,464,1939,1953
3151,452,1933,1982
3158,453,1941,2014
3176,453,1954,2003
3182,462,1937,1996
3197,470,1977,1997
3196,490,2040,2012
3189,503,1921,1943
3177,498,1940,2013
3130,486,1932,2010
3114,470,1967,2011
3096,451,1929,2004
3084,433,1909,1981
3111,428,1980,1991
3113,418,1992,1960
3147,425,1986,1937
3172,437,1949,2003
3192,461,1925,1961
3216,482,2018,1961
3226,513,1982,2042
3227,528,2000,1974
3219,545,2010,1987
3196,544,1914,1991
3164,524,1978,2026
3131,507,1973,2033
3124,489,1984,1972
3130,462,1978,1961
3136,447,1939,1938
3142,433,1925,1917
3158,438,1991,1936
3158,433,1968,1966
3174,445,1976,1938
3181,461,1997,1942
3181,472,1984,1998
3172,484,1994,1959
3147,484,1988,1957
3126,476,1993,1953
3114,466,1952,1995
3113,459,1925,1952
3116,452,1959,1996
3133,446,1975,1932
3161,449,1970,1937
3168,446,1935,1853
3195,462,1998,1884
3204,479,1977,1896
3215,495,1970,1987
3222,509,1947,1988
3207,524,1998,1941
3194,530,1941,1940
3170,517,2007,1939
3145,505,1968,1914
3126,480,1952,1969
3116,455,1953,1885
3124,437,1965,1961
3116,417,1948,1919
3127,410,1929,1944
3138,409,1935,1895
3147,418,1918,1914
3158,434,1893,1941
3168,451,1974,1931
3180,478,1963,1920
3172,497,1974,1960
3167,503,1920,1949
3147,502,1886,1916
3134,488,1921,1953
3125,472,1970,1928
3140,467,1934,1951
3150,452,1930,1947
3154,451,1897,1912
3174,456,1949,1893
3180,459,1996,1956
3196,470,1959,1965
3199,488,1941,1978
3199,506,1961,1996
3191,515,1940,1958
3172,510,1951,1907
3142,490,1915,1953
3109,469,1895,1979
3090,443,1908,1923
3085,420,1922,1945
3087,403,1895,2009
3106,393,1908,1888
3117,391,1894,1944
3140,407,1928,1864
3158,430,1941,1968
3182,458,1906,1983
3201,493,1921,2017
3202,515,1951,2002
3200,525,1898,2009
3166,522,1922,2062
3158,516,1910,2018
3143,494,1909,2024
3131,478,1967,1987
3139,464,1944,1955
3138,447,1907,2000
3148,444,1955,1932
3162,449,1967,1987
3181,452,1933,2011
3191,468,1989,1997
3193,476,1927,2034
3184,494,1978,2028
3172,498,1909,1995
3145,488,1955,1992
3126,477,1968,1968
3095,451,1960,1957
3088,437,1941,2010
3092,420,1921,1989
3112,420,1926,1938
3126,415,1949,1966
3158,436,2011,1961
3176,442,1935,1993
3199,473,1920,1975
3217,492,1948,1932
3224,520,1982,2037
3219,532,1934,1985
3200,539,1937,1975
3166,527,1916,1992
3143,509,1894,1945
3130,487,1948,1967
3117,470,1982,1968
3129,454,2013,1973
3145,437,1965,1942
3150,428,2018,1982
3163,427,1981,1967
3165,436,1968,1915
3170,451,1996,1916
3174,461,2028,1963
3176,478,1985,1949
3155,485,1980,1930
3131,480,1943,1909
3118,469,1926,2016
3107,460,1963,1899
3116,455,1956,1930
3133,451,1963,1986
3148,449,1969,1897
3166,448,1946,1920
3189,462,1959,1930
3208,476,2008,1929
3216,484,1957,1923
3218,508,1978,1957
3218,523,1945,1965
3199,535,1962,1966
3175,530,1992,1995
3153,514,1925,1956
3126,491,1938,1988
3106,468,1961,1896
3103,445,1993,1926
3118,426,1939,1919
3120,411,1916,1870
3132,405,1976,1927
3146,416,1911,1930
3160,427,1961,1912
3165,447,1939,1945
3177,468,1940,1988
3179,496,1965,1910
3172,506,1950,1943
3148,507,1934,1935
3139,500,1943,1948
3144,483,1862,1957
3136,476,1931,1903
3145,462,1905,1894
3164,456,1907,1960
3171,455,1919,1937
3183,461,1915,1912
3194,467,1850,1914
3200,484,1951,1931
3209,505,1963,2004
3202,520,1920,1906
3180,521,1928,1958
3155,505,1897,1964
3127,486,1922,1979
3104,456,1941,1947
3098,431,1878,1988
3097,416,1895,1956
3103,408,1934,1946
3118,396,1966,1942
3135,409,1895,1989
3159,423,1881,1939
3176,449,1932,1896
3204,481,1932,2021
3207,509,1970,1981
3210,526,1922,2013
3188,534,1922,1982
3165,521,1953,2078
3148,507,1963,1957
3136,483,1953,2049
3132,470,1917,2023
3141,452,1979,1942
3146,446,1965,1996
3160,448,1985,1984
3170,447,1952,1990
3190,463,1933,1963
3191,477,2006,1995
3194,491,1965,2013
3187,502,1951,1978
3162,492,2000,1969
3125,476,1918,2047
3101,460,1928,2040
3091,437,1965,1951
3092,424,1941,1989
3099,423,1960,1995
3117,414,1966,1998
3141,424,1975,1929
3175,436,1945,1940
3192,455,1978,1986
3208,485,2012,1929
3227,507,2011,2026
3221,535,1932,1985
3209,545,1996,1981
3176,529,1948,1998
3157,510,1976,1967
3128,491,2009,1985
3125,471,2001,2016
3127,461,2015,1938
3128,447,1993,1932
3132,425,1964,1982
3154,431,1979,1948
3159,433,2011,1920
3174,445,1981,1904
3171,452,1980,2012
3166,466,1963,1976
3158,482,1992,1963
3140,478,1995,1967
3117,469,1925,1957
3098,458,1981,1964
3104,450,1986,1992
3115,440,1922,1930
3128,442,1931,1925
3153,441,1945,1942
3178,449,1934,1865
3191,460,1967,1944
3192,474,1961,1937
3208,496,1961,1920
3216,512,1962,1928
3199,531,1987,1957
3183,522,1979,1978
3146,512,1928,1934
3125,491,1982,1972
3105,470,1924,1933
3097,450,1971,1963
3107,428,1954,1872
3111,412,1932,1940
3131,404,1962,1923
3135,405,1936,1902
3143,418,1936,1939
3153,435,1914,1867
3164,457,1951,1937
3172,484,1920,1909
3165,497,1946,1896
3144,504,1932,1932
3143,497,1962,1937
3121,480,1907,1980
3131,474,1899,1893
3137,460,1966,1991
3145,450,1900,1926
3153,450,1959,1893
3177,451,1951,1946
3185,458,1938,1919
3187,470,1974,1851
3194,488,1925,2028
3194,501,1934,2018
3183,508,1972,1896
3153,509,1942,1959
3118,486,1916,1967
3094,455,1921,1983
3082,430,1898,1945
3074,406,1954,1978
3089,404,1911,1987
3101,389,1927,1988
3117,396,1879,1945
3136,410,1940,1969
3156,429,1973,1961
3183,457,1935,1957
3196,493,1896,1979
3205,516,1930,1971
3187,522,1953,2005
3159,515,1917,2034
3144,500,1922,2038
3137,484,1893,1940
3117,467,1928,1957
3127,458,1881,1998
3137,443,1954,1998
3149,437,1934,1944
3160,437,1979,1943
3171,453,2003,1946
3182,461,1996,1982
3185,478,1949,1974
3185,485,1987,2033
3160,489,1932,1922
3128,475,1951,1990
3096,457,1945,2019
3083,435,1928,1965
3080,421,1924,1984
3091,420,1948,1990
3102,408,1966,1966
3126,410,1951,1953
3157,426,1945,2008
3166,444,1983,1923
3195,474,1984,1989
3206,500,1963,1983
3218,514,1993,2037
3203,529,1913,2003
3185,534,1994,1982
3162,514,2007,2017
3134,492,1989,2018
3121,480,2021,1986
3116,457,1960,1980
3127,443,2007,1949
3134,432,1996,1928
3150,426,1984,1930
3159,431,1999,1962
3166,436,1996,1978
3161,443,1989,1968
3177,462,1984,2049
3159,478,1960,1933
3147,489,2017,2010
3119,477,1935,1882
3102,469,1968,1995
3101,454,1880,1911
3109,448,1975,1952
3128,444,1989,1913
3152,446,1967,1937
3171,448,2025,1949
3183,453,1956,1957
3196,477,1965,1940
3208,492,1959,1943
3218,511,1937,1958
3212,528,2001,1955
3194,532,1978,1900
3160,521,1981,1975
3137,505,1938,1957
3123,478,1976,1917
3116,462,1940,1876
3111,440,1941,1878
3117,419,1949,1959
3115,407,1987,1908
3138,407,1897,1899
3145,414,1956,1910
3164,433,1904,1935
3170,452,1912,1892
3178,477,1932,1924
3170,494,1947,1887
3155,509,1940,1958
3145,498,1911,1932
3136,489,1891,2007
3138,477,1898,2000
3137,467,1883,1900
3155,462,1886,2026
3160,458,1873,1905
3179,457,1921,1923
3189,460,1887,1949
3191,473,1945,1983
3199,490,1890,1934
3204,508,1948,1959
3203,514,1872,1987
3180,518,1912,1980
3148,497,1927,1990
3116,475,1930,1945
3099,449,1928,1959
3084,427,1928,1978
3090,406,1893,1913
3096,401,1923,1991
3122,401,1865,1976
3143,410,1980,1876
3165,428,1913,1946
3175,457,1936,1963
3196,484,1932,2015
3208,510,1941,2017
3204,528,1943,1965
3175,521,1933,2023
3153,513,1893,2008
3137,492,1952,1998
3129,477,1921,1979
3132,460,1919,2049
3135,450,1938,1994
3150,439,1986,2007
3160,443,1938,1968
3169,449,1923,1952
3178,461,1994,1954
3181,479,1937,1985
3177,483,1960,1995
3173,493,1911,1986
3146,484,1974,2003
3113,468,1922,2045
3081,445,1949,2048
3076,426,1952,1970
3079,410,1956,2030
3096,409,1912,2001
3108,415,1960,1969
3145,421,1951,1935
3167,442,2000,1996
3183,455,1939,1975
3210,485,1989,1936
3218,505,1961,2024
3204,527,1974,2004
3198,528,1975,1994
3158,514,1960,2007
3133,500,1917,1958
3114,482,1996,1936
3112,463,1949,1942
3122,446,1994,1986
3129,431,1974,1932
3137,429,1994,1920
3149,421,2054,1946
3152,427,2005,1985
3162,441,1924,1900
3165,455,1943,1939
3157,464,1974,2010
3146,480,2013,1930
3124,469,1980,1948
3107,466,1952,2056
3102,452,2002,1960
3098,448,1940,2026
3118,441,1932,1933
3125,440,1963,1912
3147,435,1945,1976
3179,447,1976,1849
3189,461,1996,1932
3201,479,1933,1936
3210,503,1982,1919
3208,513,1953,1923
3197,524,1998,1945
3168,519,1936,1961
3134,507,1988,1939
3121,487,1970,1994
3108,460,1947,1907
3097,442,1962,1971
3106,422,1950,1963
3114,405,1934,1933
3129,404,1909,1935
3137,405,1932,1904
3144,415,1947,1930
3155,439,1967,1901
3171,470,1930,1878
3168,485,1942,1884
3160,501,1892,1946
3140,500,1924,1946
3142,493,1910,1976
3125,476,1868,1924
3121,468,1886,1889
3145,462,1893,1982
3155,455,1885,1888
3167,456,1862,1913
3176,459,1918,1926
3190,461,1909,1991
3200,479,1938,1961
3201,497,1918,1952
3198,513,1975,1989
3180,514,1923,1936
3156,501,1925,1996
3126,481,1896,1967
3099,458,1904,2023
3090,436,1922,1939
3078,412,1898,1961
3098,407,1855,1985
3113,399,1917,1914
3124,405,1960,2005
3151,420,1924,1979
3179,445,1920,1953
3190,477,1869,2019
3211,506,1931,1963
3209,526,1935,2053
3186,532,1892,2001
3170,522,1903,2039
3148,512,1884,1995
3135,486,1880,1996
3134,471,1956,2038
3134,459,1885,2039
3151,451,1907,2053
3168,450,1943,1955
3176,452,1905,1986
3187,461,1960,1956
3192,471,1933,2026
3189,488,1969,2023
3184,501,1949,1990
3166,497,1930,2051
3135,475,1891,2017
3107,466,1867,1980
3094,443,1925,1995
3081,430,1930,1961
3104,423,1984,1957
3114,419,1957,1981
3147,424,1914,2034
3174,442,1940,1959
3185,458,2005,2059
3206,485,1983,2007
3218,507,1973,2035
3226,533,1953,2024
3211,540,1948,1981
3181,531,1955,1952
3160,525,1936,1977
3136,497,1958,1998
3123,473,1994,1919
3116,458,2002,1973
3126,446,1939,1941
3137,427,1953,1984
3152,433,1953,1891
3154,433,1952,2007
3167,439,1952,1988
3171,455,1970,1948
3173,467,1948,2007
3162,481,1957,1952
3140,479,1943,2019
3111,469,1899,1919
3098,464,1965,2004
3093,451,1975,1924
3110,442,1966,1929
3130,447,1977,1904
3150,442,1944,1907
3163,451,1948,1978
3185,456,1965,1919
3195,468,2016,1952
3202,488,1937,1992
3211,512,1987,1960
3203,525,1956,2000
3182,525,1927,1934
3148,509,1977,1979
3124,496,1965,1918
3109,468,1939,1952
3096,440,1895,2000
3095,424,1927,1917
3109,411,1933,1872
3118,399,1943,1944
3129,401,1970,1934
3138,411,1950,1954
3145,423,1937,1920
3155,453,1914,1942
3163,469,1923,1935
3158,487,1949,1937
3142,491,1942,1887
3132,491,1905,1917
3125,479,1922,1958
3123,463,1915,1964
3119,450,1930,1928
3139,443,1975,1943
3143,440,1892,1967
3164,450,1959,1889
3170,456,1916,1974
3176,468,1945,2003
3186,485,1918,1913
3191,495,1921,1848
3177,509,1952,1996
3159,507,1939,1912
3122,486,1888,1974
3095,460,1951,1952
3071,434,1946,1967
3067,408,1917,1949
3078,397,1913,2010
3082,386,1887,1937
3107,384,1893,1914
3126,399,1900,1949
3145,424,1949,1974
3165,450,1926,1977
3191,484,1921,1898
3192,505,1917,1955
3187,514,1910,1962
3156,506,1882,1960
3143,499,1907,2007
3119,481,1922,1947
3114,465,1911,2026
3120,453,1986,1986
3133,437,1950,1915
3139,433,1968,1961
3153,434,1934,1975
3155,444,1955,1986
3174,455,1999,1964
3169,471,1954,1985
3174,485,1969,2000
3152,484,1958,1970
3119,473,1951,2034
3092,459,1967,2032
3072,433,1919,1985
3061,416,1934,2039
3065,406,1955,1957
3092,405,1943,1991
3112,406,1994,1937
3149,420,1947,1913
3161,436,1956,1981
3187,460,1964,1981
3207,490,1955,1989
3214,513,1923,1974
3204,523,1950,1940
3184,530,1994,1963
3148,508,1967,1960
3131,500,1996,1944
3115,469,1920,1974
3106,455,1973,1955
3123,445,1954,1995
3130,426,1969,1978
3138,428,1996,1875
3152,426,1972,1967
3154,427,1994,1947
3168,447,1991,1986
3159,460,2045,1940
3160,473,1974,1918
3146,481,2016,1986
3117,463,1961,1971
3102,473,1897,1916
3104,463,1929,1914
3099,445,1918,1950
3123,443,1964,1875
3148,438,1983,1927
3163,442,1970,1980
3181,453,1924,1901
3193,474,2006,1913
3205,489,2000,1986
3211,511,2007,1940
3210,521,1935,1895
3197,533,1966,1923
3167,520,1996,1941
3145,511,1953,1925
3114,482,1932,1938
3107,457,1954,1914
3104,437,1912,1911
3110,422,1910,1899
3115,406,1966,1885
3131,406,1931,1925
3143,408,1931,1879
3162,424,1937,1993
3164,447,1885,1871
3176,476,1952,1899
3179,496,1923,1919
3162,501,1950,1936
3155,500,1901,1923
3134,496,1917,1949
3128,482,1930,1933
3139,471,1917,1898
3154,461,1938,1925
3160,449,1894,1972
3176,454,1913,1926
3181,460,1910,1899
3188,469,1884,1964
3201,491,1940,2034
3205,508,1984,1995
3194,519,1915,1984
3184,523,1940,1954
3139,500,1979,1891
3124,484,1855,2000
3095,450,1926,2005
3088,429,1896,1944
3096,412,1928,1944
3098,401,1864,1970
3117,398,1883,1906
3136,412,1897,1944
3160,425,1880,1918
3168,446,1881,1949
3196,479,1928,1943
3204,509,1869,1922
3199,530,1919,1983
3185,525,1925,1992
3153,511,1863,2010
3143,496,1884,1978
3127,480,1915,2023
3129,464,1883,1975
3135,458,1940,2010
3143,441,1896,1968
3165,438,1967,1976
3166,446,1919,1971
3180,460,1949,1971
3184,476,1969,1978
3186,488,1968,2047
3174,484,1952,1996
3143,487,1907,2029
3110,465,1927,2025
3090,455,1898,1954
3075,433,1917,2008
3075,409,1913,1992
3088,413,1903,2009
3110,408,1933,1996
3129,421,1914,1945
3157,439,1905,1991
3184,455,1965,1934
3199,479,1935,1997
3212,509,1954,2037
3212,520,1981,1965
3195,531,1964,2007
3160,518,1964,2013
3135,502,2012,2020
3124,483,1912,2005
3110,455,1928,1951
3118,445,1972,1982
3124,431,1985,1897
3137,427,1957,2004
3136,423,1932,2026
3149,426,1991,1936
3164,437,2003,1986
3159,454,1951,1914
3164,464,2000,1966
3139,473,1969,1952
3125,474,1997,1955
3099,459,1943,1920
3090,448,1941,1978
3092,445,1954,1965
3100,431,1924,1933
3117,433,1940,1867
3135,435,1961,1926
3174,445,1924,1982
3181,453,1978,1954
3188,467,2000,2020
3197,486,1982,1933
3194,505,1969,1973
3189,522,1955,1952
3168,522,1950,1992
3134,502,1991,2051
3107,483,1941,1929
3105,460,1943,1958
3089,440,1987,1966
3102,422,1955,1883
3102,400,1946,1921
3121,404,1950,1885
3125,399,1945,1908
3141,411,1979,1953
3148,430,1941,1962
3160,455,1926,1906
3170,479,1939,2000
3157,492,1924,1938
3144,495,1911,1883
3124,485,1833,1938
3125,479,1927,1958
3123,463,1904,1943
3136,457,1872,1888
3143,446,1930,1934
3156,449,1940,1916
3171,455,1958,1924
3180,458,1919,1964
3194,472,1934,1962
3193,494,1888,1948
3197,503,1960,1936
3178,515,1979,1952
3153,499,1961,1954
3125,482,1961,1965
3092,459,1920,1978
3087,434,1854,1990
3078,407,1935,1948
3090,400,1900,1974
3101,392,1907,1972
3125,405,1870,1973
3141,414,1872,1929
3161,443,1889,1991
3177,462,1934,2020
3201,493,1921,2030
3201,519,1926,1982
3193,526,1919,2000
3166,520,1896,1994
3145,507,1918,1957
3136,482,1915,2043
3127,469,1907,1979
3132,464,1925,2045
3140,445,1927,2044
3155,443,1915,1972
3163,449,1935,1967
3179,456,1959,1985
3188,469,1924,2031
3195,486,1952,1985
3179,493,1954,2038
3168,493,1917,2051
3126,472,1946,1995
3101,463,1970,2027
3079,438,1908,1966
3088,428,1957,1999
3094,414,1947,1960
3114,418,1946,1993
3145,419,1972,1924
3163,431,1954,2041
3187,453,1940,1972
3200,476,2001,1950
3214,503,2004,2004
3225,521,1984,1967
3209,536,1965,1965
3180,537,1951,2040
3159,514,2019,2004
3130,497,1978,1974
3116,475,1918,2024
3120,458,1947,1951
3129,445,1960,1897
3136,429,1962,1947
3149,430,1994,1949
3161,434,1911,1971
3169,437,1988,1903
3173,447,1987,1932
3169,466,2001,1989
3158,478,1968,1938
3139,481,2016,1977
3112,472,1993,1993
3108,464,1972,1983
3100,457,1934,1953
3104,441,1950,1984
3131,445,1932,1914
3145,442,1976,1952
3173,443,1929,1960
3181,460,1964,1926
3204,474,1928,1961
3207,487,1955,1998
3212,511,1991,1900
3204,524,1927,1969
3187,528,1973,1984
3152,515,1966,1964
3133,500,1923,1949
3114,473,1910,1990
3098,448,1941,1921
3104,436,1970,1906
3105,414,2000,1900
3116,406,1943,1910
3134,404,1931,1903
3137,408,1955,1980
3155,432,1880,1898
3163,448,1934,1894
3171,471,1950,1930
3159,488,1920,1948
3148,496,1881,1957
3140,493,1862,1991
3126,478,1876,1954
3125,468,1867,2002
3131,457,1934,1984
3137,452,1870,1967
3147,443,1903,1965
3163,446,1901,1914
3167,452,1905,1968
3189,465,1946,1988
3183,478,1892,1955
3186,502,1897,1937
3181,509,1939,2026
3161,509,1968,1994
3121,488,1943,2008
3100,464,1897,2011
3079,434,1887,2011
3064,412,1881,1971
3076,394,1948,2031
3094,387,1916,2020
3110,388,1924,1905
3126,400,1913,1921
3142,421,1897,2022
3164,445,1964,2024
3183,478,1899,1967
3197,500,1918,1992
3183,519,1881,1967
3164,512,1920,2011
3134,493,1898,2013
3122,477,1901,2026
3119,463,1911,1957
3119,450,1887,1947
3124,434,1945,2015
3134,431,1930,1967
3146,431,1951,1945
3154,439,1981,1966
3177,450,1980,2020
3168,468,2024,2056
3171,480,1957,1958
3152,482,1936,2028
3130,475,1931,1989
3090,459,1953,1999
3075,432,1926,2056
3065,419,1922,1976
3071,408,1950,2019
3083,401,1956,1990
3106,395,1954,1972
3133,417,1921,2013
3151,431,2012,1978
3183,451,1897,1935
3194,481,1972,1962
3204,504,1953,1987
3194,518,1965,2012
3176,523,1950,1994
3142,512,1915,2023
3129,497,1938,2018
3111,476,1945,2014
3105,457,1991,2018
3112,439,1960,1971
3118,424,1948,1954
3132,418,1933,1947
3142,418,2002,2027
3152,430,1971,1950
3157,436,1978,1937
3162,453,2001,1945
3150,462,2002,1986
3136,470,1991,1981
3110,464,1938,1954
3095,462,1962,2013
3091,441,1964,1974
3096,439,1922,1925
3114,438,1936,1935
3134,433,1914,1940
3149,428,1942,1958
3170,450,1972,1924
3185,461,1891,1922
3202,478,1997,1947
3207,500,1946,1998
3201,509,1989,1965
3193,519,1954,2031
3166,517,1908,1938
3131,504,1971,1922
3106,476,1927,1939
3105,455,1901,1928
3093,439,1974,1954
3105,415,1947,1942
3110,396,1928,1914
3126,399,1900,1887
3133,402,1927,1985
3146,418,1958,1909
3155,438,1939,1898
3165,462,1887,2001
3166,484,1906,1940
3160,498,1941,1967
3135,494,1863,1933
3131,483,1929,1930
3122,473,1938,1954
3130,462,1926,2013
3136,448,1914,1921
3151,451,1910,1957
3161,448,1870,1930
3175,450,1906,1987
3189,464,1893,1980
3194,484,1912,1948
3186,499,1911,2000
3189,514,1933,1968
3169,515,1912,2009
3142,497,1909,1984
3116,476,1926,1956
3097,451,1868,2036
3083,420,1872,1937
3078,406,1869,1934
3094,393,1842,1957
3101,388,1909,1935
3125,403,1877,2013
3150,416,1933,1957
3163,444,1910,1967
3191,474,1924,1961
3191,499,1850,2022
3199,521,1874,1998
3184,522,1843,2054
3158,514,1868,1998
3138,494,1881,2013
3129,481,1889,1969
3131,461,1914,1971
3128,448,1892,1999
3141,439,1888,1946
3153,441,1894,1976
3165,442,1896,2007
3172,450,2006,2005
3181,470,1944,1988
3184,480,1987,1961
3174,492,1908,2037
3147,489,1929,1997
3115,468,1996,2020
3085,457,1924,2041
3076,430,1937,2045
3078,414,1899,2038
3097,405,1939,1991
3112,410,1952,2062
3138,415,1940,1925
3167,432,1969,1975
3184,458,1957,1991
3202,476,1946,2027
3211,498,2022,2068
3208,525,1980,2003
3203,534,1946,2061
3161,518,1948,1967
3134,509,1928,2019
3125,484,1943,2004
3112,470,1974,2006
3117,454,1964,1953
3123,436,1946,1959
3129,424,1998,2005
3150,420,2000,1988
3150,429,1959,1994
3161,438,1981,1997
3157,454,1951,1972
3160,461,1962,2007
3142,473,1942,1956
3132,474,1944,1977
3105,462,1928,2039
3092,450,1926,1993
3091,448,1958,1983
3099,437,1962,2000
3127,433,1964,1953
3145,437,1961,1934
3171,448,1927,2013
3185,458,1968,1877
3204,470,1939,1901
3206,488,1950,1943
3196,506,1917,1998
3193,525,1917,1977
3177,526,1952,1912
3141,506,2009,1932
3121,493,1912,1949
3099,462,1952,1932
3094,439,1987,1964
3097,418,1903,1984
3112,408,1926,1874
3112,400,1960,1883
3127,401,1952,1933
3137,408,1959,1931
3154,424,1935,1948
3160,450,1941,2014
3160,477,1990,1949
3159,496,1910,1890
3140,491,1859,1979
3127,487,1928,1973
3121,474,1895,1982
3127,462,1868,1950
3127,459,1945,1996
3132,443,1911,1984
3157,441,1872,1965
3173,444,1947,1969
3180,455,1930,1945
3185,467,1900,2022
3191,490,1944,2014
3187,504,1899,1982
3174,509,1938,2002
3150,506,1922,1942
3118,482,1980,2013
3091,457,1881,2001
3078,436,1970,1957
3076,409,1945,2007
3077,392,1877,1968
3093,389,1915,1985
3115,397,1959,2026
3128,406,1939,2005
3143,428,1921,1947
3177,452,1879,2025
3188,488,1905,1961
3193,507,1900,2033
3183,526,1937,2032
3154,512,1950,2010
3129,497,1891,1988
3123,477,1869,2013
3107,462,1926,1957
3125,447,1928,2023
3130,441,2003,1968
3143,434,1918,1986
3162,435,1981,1940
3164,445,1933,2021
3173,457,1941,2057
3177,471,1987,2012
3174,479,1935,2036
3150,481,1990,2029
3122,467,1975,2045
3099,455,1932,2022
3079,428,1897,1985
3065,414,1954,1965
3081,413,1982,1969
3096,400,1935,2087
3115,398,1962,1966
3143,428,1973,1962
3168,441,2005,1958
3194,464,1982,1965
3205,492,1937,1994
3207,506,1999,1975
3203,523,1960,1964
3175,527,1981,2056
3150,505,2012,2029
3124,492,2001,1997
3118,471,1972,2005
3113,450,1979,2008
3106,433,1964,1972
3130,424,2002,1997
3145,423,2012,1983
3151,418,1976,2013
3150,428,1992,1959
3162,436,1989,1994
3159,457,1957,2015
3151,471,1958,1975
3141,476,1979,1950
3102,465,1934,1913
3096,459,2013,1969
3085,444,1950,1922
3102,440,1925,2009
3121,440,1939,1958
3136,437,1950,1980
3163,439,1954,1910
3179,450,1955,1930
3194,462,1961,1960
3196,480,1946,1905
3206,501,1974,1951
3200,513,1970,1960
3179,526,1961,2021
3146,511,1950,1956
3125,499,1953,1918
3109,474,1916,1969
3101,443,1974,1952
3102,434,1862,1904
3100,408,2010,1919
3118,395,1968,1943
3133,398,1962,1943
3137,405,1951,1983
3147,422,1950,1914
3162,448,1949,1926
3168,467,1912,2003
3160,487,1938,1969
3154,495,1926,2017
3129,492,1940,1973
3128,479,1946,1965
3131,470,1918,1908
3130,458,1949,1990
3136,452,1943,1947
3150,445,1968,1958
3171,452,1876,2017
3178,454,1917,1913
3190,469,1908,2010
3192,483,1909,1919
3189,500,1922,1990
3192,510,1893,1944
3172,511,1959,2036
3134,495,1917,1960
3116,469,1880,2004
3090,438,1882,1989
3081,422,1984,1978
3083,407,1897,2007
3099,393,1846,1974
3117,394,1942,1903
3130,407,1895,1971
3156,421,1881,1960
3168,452,1853,1984
3201,483,1928,1995
3197,507,1907,2033
3194,516,1975,2024
3171,513,1979,1962
3154,506,1948,2002
3134,488,1934,1989
3131,473,1929,1948
3135,464,1963,1971
3131,446,1978,2016
3146,436,1986,1984
3165,442,1980,2004
3166,446,1929,1985
3180,461,1961,2007
3184,470,1903,2021
3180,483,1949,2006
3166,491,1932,2046
3140,485,1984,2041
3109,465,1950,2043
3081,445,1979,2024
3073,424,1944,2034
3080,411,1930,1988
3091,405,1955,2003
3116,408,1925,1994
3134,418,1934,1998
3168,437,1937,2022
3195,456,1926,2000
3201,479,2000,1997
3217,510,1970,2006
3207,523,1944,2010
3192,527,1993,2043
3159,514,1968,2069
3126,501,1939,2018
3117,480,1988,2057
3112,462,1940,2049
3114,440,1953,1938
3124,428,1979,1951
3137,424,2011,1988
3142,417,1944,1933
3149,423,1985,1907
3153,438,1980,1953
3163,451,1962,1937
3155,462,2015,2040
3142,468,2003,1946
3114,465,1988,1980
3091,459,1994,1987
3082,446,1951,1925
3088,438,1947,1958
3108,435,1933,1955
3116,431,2022,1960
3141,428,1968,1927
3166,440,1956,1962
3178,452,1991,1903
3196,470,1944,1964
3193,488,1975,2002
3192,509,1962,1998
3186,513,1986,1941
3164,518,2004,1941
3122,498,1947,1961
3105,475,1975,1917
3097,449,1963,1928
3093,426,1964,1975
3094,412,1955,1954
3105,399,1956,1867
3119,395,1939,1885
3129,391,1967,1858
3138,406,1971,1858
3141,427,1935,1967
3158,451,1980,1904
3157,479,1903,1911
3150,488,1919,1990
3124,486,1962,1907
3118,479,1931,1975
3123,466,1940,1953
3114,454,1935,1958
3123,450,1940,1843
3137,434,1878,1917
3153,443,1912,1914
3161,441,1926,1892
3179,451,1937,1931
3176,472,1930,1933
3189,489,1945,1912
3180,504,1972,1983
3166,508,1947,1943
3132,482,1947,1947
3108,472,1947,1988
3081,442,1897,1990
3074,422,1915,1959
3070,398,1941,1965
3075,386,1913,1923
3093,380,1946,2032
3117,391,1899,1938
3131,404,1939,1968
3155,430,1867,2005
3168,459,1972,2029
3186,486,1910,1993
3191,503,1944,2023
3170,513,1894,2061
3148,501,1844,2059
3125,485,1892,2016
3120,474,1937,2004
3126,454,1951,1976
3128,442,1952,1948
3128,430,1950,1944
3144,437,1947,2046
3158,437,1886,1989
3159,445,1932,2001
3174,459,1954,1988
3176,472,1937,2039
3167,485,2000,1981
3144,484,1885,1975
3108,467,1994,2015
3092,451,1971,1965
3066,428,1923,1993
3063,413,1941,1987
3075,407,1897,2015
3095,403,1927,1922
3126,405,1924,1961
3144,429,1919,2035
3180,448,1987,1959
3193,468,1978,2049
3206,496,1935,2016
3205,517,1968,2015
3202,533,1920,1979
3163,515,1973,2039
3141,509,1953,1959
3121,484,1984,1951
3112,464,1932,2001
3115,449,1997,1952
3127,436,1955,2027
3123,424,1921,1978
3142,421,1999,1961
3145,421,1980,2022
3153,430,1953,1933
3166,447,1984,1956
3163,465,1961,2008
3148,473,1993,1963
3127,467,1937,1964
3100,460,1940,1920
3088,456,1957,1984
3094,444,1903,1966
3098,439,1931,1967
3119,435,1962,1931
3136,433,1932,1949
3160,446,1940,1918
3179,452,1904,1869
3190,468,1931,1910
3205,486,1991,1917
3196,507,1903,1943
3196,522,1935,1973
3176,522,1926,2014
3142,505,1955,1905
3125,492,1892,1942
3109,466,1975,1898
3091,438,1946,1925
3098,424,1949,1952
3098,400,1913,1900
3107,392,1943,1965
3123,398,1879,1954
3135,409,1932,1921
3142,423,1914,1968
3164,447,1951,1927
3167,472,1906,1986
3158,496,1932,1906
3135,483,1919,1955
3120,487,1969,1972
3107,471,1926,1931
3114,463,1877,1930
3115,454,1930,1995
3128,445,1916,1980
3142,440,1892,1911
3162,447,1941,1924
3170,451,1907,1947
3182,463,1975,1936
3187,476,1895,1980
3186,498,1880,2007
3172,506,1927,1950
3150,500,1903,1947
3120,478,1934,2007
3089,453,1874,1967
3075,425,1888,1997
3067,403,1893,1942
3076,392,1883,1944
3089,383,1882,1962
3113,388,1910,1971
3128,401,1896,1979
3140,419,1915,1939
3169,448,1876,1993
3183,475,1883,1914
3196,503,1915,1942
3184,509,1881,1982
3154,503,1902,2025
3135,499,1921,2045
3118,481,1874,1928
3110,459,1886,1954
3124,451,1878,1997
3124,439,1882,1976
3135,435,1926,2020
3154,431,1878,1963
3161,437,1928,2026
3167,461,1935,2022
3177,470,1922,1997
3172,478,1982,2021
3155,489,1958,2007
3118,468,1925,2061
3092,452,1911,2050
3069,429,1905,2047
3064,409,1914,1996
3073,404,1883,2010
3084,398,1876,2016
3107,398,1949,1963
3142,416,1884,1973
3163,436,1917,1986
3183,458,1949,1984
3196,483,1959,2031
3211,510,1958,1999
3197,519,1950,2000
3171,516,1927,1969
3141,510,2051,2022
3124,489,2012,1974
3101,472,1906,1992
3105,451,1952,1970
3107,443,1952,2003
3117,421,1982,1949
3129,421,1921,1954
3141,415,1905,2001
3155,419,1993,2021
3159,433,1947,2003
3159,445,1998,1957
3147,462,1886,2020
3137,464,1965,1939
3101,460,1952,1996
3092,455,1923,1960
3081,445,1896,2008
3094,432,1982,1932
3105,434,1992,1936
3126,431,1908,1994
3147,435,1937,1888
3164,441,1952,1924
3186,457,1951,1938
3192,478,1995,1996
3203,491,1961,1959
3193,511,1956,1902
3181,520,1992,1997
3143,506,1975,1924
3124,490,1953,1989
3108,476,1999,1924
3102,449,1918,1977
3093,426,1981,1981
3095,410,1896,1948
3098,392,1944,1947
3119,395,1915,1988
3129,396,1922,1917
3136,414,1932,1952
3154,438,1941,1985
3154,457,1969,1997
3164,475,1964,1983
3156,489,1933,1978
3128,488,1936,1975
3110,484,1952,1944
3114,469,1856,2000
3126,456,1872,1977
3129,447,1894,1914
3141,441,1897,1988
3158,445,1933,1934
3168,452,1916,1970
3173,460,1945,1982
3177,475,1937,2012
3188,495,1902,2036
3182,504,1939,2011
3159,502,1930,2034
3127,485,1922,2051
3108,466,1930,1993
3090,441,1860,1978
3069,412,1913,2014
3083,401,1920,1973
3087,385,1893,2000
3100,388,1894,2039
3115,395,1895,1945
3135,416,1929,1984
3162,441,1934,2040
3175,467,1882,1948
3187,490,1941,2068
3194,515,1904,2012
3154,510,1870,2039
3141,502,1928,2074
3127,484,1917,2044
3120,470,1972,2003
3111,448,1912,2009
3126,442,1911,2060
3129,433,1898,1976
3147,439,1881,1979
3152,435,1934,1999
3165,452,1934,2013
3172,459,1939,1968
3172,476,1941,2016
3161,484,1953,2049
3124,478,1949,2037
3101,462,1918,2067
3078,441,1996,2048
3062,419,1890,2040
3067,399,1908,1975
3083,405,1957,2035
3093,399,1943,2003
3136,412,1959,1981
3151,430,1950,1965
3175,452,1967,2056
3189,472,1964,2050
3199,502,1960,2001
3200,518,2016,2045
3181,533,1983,2044
3154,512,1973,1978
3135,501,1942,2016
3109,476,1945,1985
3106,451,1981,1925
3107,443,1966,1983
3116,430,1970,1950
3131,417,1962,1992
3140,417,1918,2013
3146,422,1960,2027
3156,430,1978,1971
3165,445,1997,2031
3162,463,1965,1917
3142,471,1994,1956
3126,467,1925,1971
3104,463,1904,1955
3086,447,1949,1979
3091,441,1983,1971
3109,433,1927,1944
3129,433,1929,1929
3143,431,1942,1941
3170,443,1979,1940
3185,451,2002,2002
3191,466,1949,1990
3205,494,1932,1971
3205,511,1906,2003
3184,524,1927,1936
3170,521,2020,2001
3138,503,1935,2008
3123,483,1977,1991
3098,458,1932,1954
3095,437,1901,1914
3101,418,1911,1960
3100,398,1903,1926
3118,409,1951,1917
3128,401,1933,1929
3141,413,1940,1960
3154,429,1954,1927
3160,459,1934,1945
3164,482,1943,1963
3156,495,1896,1980
3136,493,1952,1932
3129,490,1887,1924
3118,479,1938,1936
3125,462,1902,1933
3138,454,1854,1928
3150,446,1917,1986
3154,446,1892,1908
3169,449,1932,1953
3178,461,1949,1960
3186,476,1944,2032
3196,491,1876,1921
3192,504,1885,2015
3182,513,1872,1966
3151,502,1933,1977
3116,479,1943,2037
3092,454,1902,1951
3080,426,1898,2014
3074,401,1944,1943
3086,395,1924,1932
3102,388,1886,2001
3116,398,1898,1966
3130,411,1906,2001
3157,433,1873,1994
3183,462,1908,1952
3195,488,1872,1965
3200,513,1948,2018
3175,516,1932,2013
3150,511,1850,1975
3138,496,1918,2010
3119,480,1913,2028
3124,454,1913,1955
3131,449,1934,1983
3131,435,1920,1968
3149,437,1965,2034
3149,441,1967,1996
3163,443,1909,1970
3169,456,1926,2004
3178,483,1966,1999
3178,483,1944,2001
3152,484,1912,2005
3107,455,1941,2023
3092,449,1958,1936
3076,430,1951,2023
3070,414,1957,1997
3083,405,1987,2009
3098,405,1958,1957
3125,403,1921,1941
3159,418,1941,1948
3173,440,1992,1938
3191,469,1953,1981
3208,491,1990,2000
3201,512,2012,1989
3198,524,1996,1996
3168,518,1954,1986
3140,503,2028,1996
3114,482,1942,2038
3101,463,1921,2001
3100,444,1950,1947
3107,429,1920,1961
3120,420,1962,1880
3136,421,2016,1962
3144,417,1990,1888
3145,425,1984,1992
3145,439,2057,1941
3152,451,1975,1981
3141,461,1957,1962
3123,467,1920,1948
3097,464,1987,1940
3087,447,1950,1926
3084,437,1934,1957
3098,427,1957,1984
3110,429,1950,1917
3126,431,1989,1931
3156,432,1963,1951
3173,442,1911,1953
3186,460,1978,1939
3190,483,1955,1938
3197,496,1948,1954
3195,511,1994,1958
3176,511,1967,1934
3142,502,1971,2082
3119,493,1945,1986
3100,465,1979,1907
3095,437,1937,1956
3098,424,1921,1867
3103,400,1912,1907
3110,400,1887,1882
3121,394,1942,1850
3137,403,1919,1881
3146,421,1922,1922
3153,437,1964,1970
3161,464,1974,1936
3154,484,1911,1948
3145,493,1904,1945
3129,483,1925,1956
3115,478,1927,1940
3118,467,1874,1936
3123,453,1888,1942
3139,444,1870,1922
3147,438,1930,1940
3167,446,1923,1891
3170,453,1885,1944
3187,472,1909,1879
3190,482,1955,1912
3187,498,1948,2022
3175,509,2013,1915
3162,505,1965,1986
3123,490,1858,1965
3105,468,1875,1896
3089,436,1935,1996
3077,414,1908,1920
3088,401,1924,1935
3091,386,1904,1913
3108,395,1875,1890
3127,405,1899,1966
3146,424,1921,1989
3169,453,1932,1944
3186,481,1887,2005
3197,509,1907,1957
3193,517,1946,2036
3164,519,1934,1995
3142,510,1857,2027
3133,485,1977,1978
3126,468,1941,2043
3132,456,1971,2057
3138,443,1915,1996
3142,438,1963,1919
3155,445,1963,2016
3169,450,1963,1998
3183,461,1993,1979
3182,476,1967,2017
3181,489,1944,2062
3167,488,1931,2076
3128,477,1907,1959
3101,454,1959,2032
3085,438,1961,1942
3074,420,1961,1979
3076,410,1938,2014
3093,412,1934,1999
3111,405,1941,1991
3147,421,1911,1964
3170,435,1979,1927
3192,461,1954,2074
3204,487,1983,2007
3208,507,1906,1951
3202,525,1906,2038
3180,525,1945,1986
3150,510,1951,1997
3131,496,1957,2011
3110,474,1957,1875
3106,454,1977,1967
3113,439,2000,1973
3123,424,2009,1957
3133,423,1981,1968
3144,419,1972,1925
3145,422,1933,1944
3152,438,1975,1914
3158,455,1986,1956
3160,469,1965,1922
3137,472,1959,1912
3109,463,1964,1938
3097,452,1879,1966
3084,445,1943,1908
3094,435,1912,1920
3109,434,1883,1945
3134,428,1935,1934
3143,432,1941,1969
3173,445,1936,1942
3191,456,1930,1981
3196,478,1978,1933
3201,493,1972,2014
3199,508,1928,1954
3188,520,2007,1939
3156,516,1973,1981
3131,500,1923,1937
3104,471,1934,1988
3097,450,1954,1888
3101,431,1918,1924
3097,408,1881,1913
3102,396,1974,1917
3126,398,1927,1928
3128,402,1941,1867
3140,412,1913,1895
3153,433,1960,1933
3154,459,1924,1943
3162,481,1847,1943
3153,495,1863,1943
3127,486,1958,2038
3124,480,1869,1979
3111,472,1918,1946
3127,459,1880,1889
3136,449,1867,1943
3140,436,1893,1903
3156,446,1934,1901
3168,449,1919,1941
3179,461,1940,1941
3187,473,1955,1913
3192,495,1912,1934
3186,507,1889,1980
3166,514,1917,1976
3133,485,1906,1933
3104,469,1875,1914
3085,442,1937,1914
3081,419,1933,2005
3083,401,1907,1988
3086,387,1911,1917
3104,390,1937,1973
3118,397,1870,1923
3140,416,1936,2007
3163,446,1904,1948
3183,463,1908,2007
3195,500,1926,2024
3191,517,1893,2026
3175,517,1914,1933
3152,504,1949,2037
3131,487,1866,2044
3126,470,1893,1935
3121,457,1900,1925
3120,440,1907,1984
3127,437,1904,2016
3146,436,1944,1963
3159,437,1982,1945
3173,451,1949,2021
3181,467,1925,1984
3179,482,1962,1982
3167,485,1966,2034
3150,481,1977,1978
3116,461,1951,1990
3082,444,1899,1964
3076,424,1918,1957
3067,410,1958,1942
3092,405,1970,1968
3113,402,1957,2001
3131,415,1914,2002
3152,433,1955,1984
3180,452,1938,1978
3201,474,1974,1991
3209,503,1971,1976
3207,519,1958,1971
3199,532,1948,1937
3164,523,1963,1989
3137,506,1972,1976
3123,484,1939,1955
3102,467,1937,2001
3111,453,1926,1956
3119,430,1949,1986
3133,420,1958,1942
3141,422,1967,1933
3149,424,1924,2008
3160,438,1972,1927
3160,450,1936,1962
3156,462,1954,1961
3152,473,1972,2025
3129,472,1960,2004
3097,464,1959,1933
3096,451,1905,1936
3096,443,1946,1905
3106,437,1973,1930
3125,430,1956,1882
3144,432,1953,1940
3172,444,1976,1877
3184,456,1916,1913
3194,470,1999,1935
3204,487,1955,1967
3208,508,1961,1901
3193,525,1931,1951
3174,525,1941,1964
3143,502,1930,1972
3119,485,1929,1914
3100,460,1943,1950
3093,443,1977,1977
3097,418,1921,1946
3105,408,1968,1936
3108,398,1929,1940
3124,399,1949,1935
3136,409,1920,1923
3145,428,1946,1979
3156,453,1940,1937
3162,476,1908,1892
3149,490,1922,1937
3132,488,1936,1991
3133,486,1910,1974
3118,467,1905,1997
3119,462,1858,1975
3124,455,1857,1937
3142,442,1916,1972
3149,441,1897,1923
3171,451,1938,1952
3171,455,1944,1927
3181,472,1886,1992
3192,493,1966,2014
3191,507,1929,1998
3176,509,1986,2053
3156,500,1975,2047
3118,479,1940,1960
3096,458,1874,2035
3080,426,1873,1959
3076,404,1857,1940
3086,387,1888,1977
3098,387,1929,2003
3117,398,1880,1959
3133,408,1890,1916
3160,427,1919,2003
3180,456,1868,1976
3190,485,1942,1941
3196,513,1905,1997
3179,522,1944,1958
3155,513,1959,1949
3139,502,1901,1988
3120,481,1969,2006
3124,466,1887,1990
3129,456,1953,1969
3135,446,1880,2070
3153,437,1921,1950
3160,439,1896,1986
3172,449,1909,1972
3179,463,1916,2024
3184,476,1944,1942
3176,488,1977,2009
3159,489,1938,2053
3122,472,1913,1953
3092,455,1928,1991
3080,435,1968,1962
3074,420,1940,2040
3089,410,1937,1990
3100,409,1958,1987
3128,409,1926,2036
3159,426,1913,1973
3176,447,1964,1953
3201,469,1970,2059
3204,496,1981,2008
3216,514,1964,1980
3207,529,1950,2012
3182,524,1912,2022
3157,520,1963,2013
3127,489,1927,1935
3111,473,1962,2002
3116,455,1890,2042
3121,437,1961,1984
3130,425,1954,1963
3148,428,1931,1941
3148,422,1936,1993
3159,428,1974,1989
3165,443,1971,1987
3156,459,1992,1975
3151,473,1955,1974
3135,474,1943,1972
3111,467,1955,1969
3090,459,1971,1978
3091,448,1866,1968
3090,437,1990,1922
3120,438,1919,1976
3138,437,1981,1937
3154,438,1919,1960
3177,452,1930,1923
3195,465,1984,1933
3200,487,1964,1918
3209,508,1947,1977
3198,518,1917,1930
3179,524,1932,1936
3149,510,2013,1931
3128,497,1975,1932
3107,474,1962,1990
3103,450,1900,1933
3099,435,1968,1917
3109,411,1963,1926
3110,397,1934,1950
3132,399,1957,1934
3131,405,1881,1911
3143,425,1910,1907
3154,452,1950,1930
3170,469,1900,1939
3163,486,1902,1952
3149,495,1862,1941
3133,493,1940,1994
3125,480,1905,1956
3122,468,1919,1971
3124,457,1909,1925
3127,440,1894,1900
3152,440,1877,1938
3160,450,1932,1944
3169,452,1908,1939
3183,461,1927,1884
3183,484,1923,1993
3191,502,1924,1972
3187,513,1896,1997
3157,506,1896,1974
3129,489,1899,1964
3102,462,1928,2011
3084,441,1882,1944
3072,417,1853,1975
3076,404,1872,1966
3091,391,1871,1974
3108,390,1835,1914
3124,393,1936,1977
3155,419,1858,1991
3171,447,1914,1980
3185,471,1933,1972
3196,504,1897,2048
3192,517,1848,2003
3167,510,1940,2097
3135,507,1881,1935
3129,488,1938,2034
3123,475,1877,1987
3126,463,1884,1965
3130,448,1877,2006
3138,439,1920,1965
3162,443,1919,1948
3162,445,1930,1951
3177,461,1978,1988
3180,471,1939,1984
3180,482,1936,2030
3157,488,1888,1969
3141,487,1915,2021
3113,464,1922,2009
3083,442,1942,1965
3075,424,1912,2018
3082,411,1893,2007
3097,408,1902,1956
3116,407,1941,2014
3149,424,1971,1950
3174,442,1922,2036
3193,460,1997,2030
3205,491,1941,2038
3216,511,1994,1973
3221,534,1936,2013
3195,530,1944,2015
3161,521,1954,2016
3141,505,1966,1966
3119,478,1903,1921
3116,461,1905,1978
3120,450,1997,1898
3130,432,1985,1916
3137,426,1919,1910
3149,425,1998,1932
3157,431,1963,1972
3171,444,1938,1976
3177,455,1983,1960
3165,469,1938,1967
3155,482,1923,1956
3117,470,1979,1929
3110,467,1951,1938
3098,449,1980,1925
3095,442,1934,1932
3119,444,1943,1875
3144,440,1965,1925
3157,440,1928,1903
3178,450,1934,1885
3188,460,1926,1940
3202,479,1959,1981
3216,501,1959,1943
3209,513,1932,2003
3190,526,1937,1947
3177,528,1926,1961
3141,505,1946,1963
3122,488,1948,1901
3110,460,1898,1946
3098,439,1911,1913
3105,425,1935,1929
3113,404,1899,1879
3133,402,1905,1899
3132,406,1915,1969
3148,423,1899,1924
3158,439,1950,1907
3162,465,1914,1989
3172,489,1897,1946
3163,491,1921,1895
3146,496,1882,1964
3132,487,1899,1983
3124,480,1872,1909
3124,466,1926,1883
3140,460,1923,1964
3150,452,1918,1955
3167,450,1876,1983
3178,456,1935,1949
3182,468,1949,1988
3189,483,1908,2003
3197,496,1993,1969
3192,507,1886,1983
3178,515,1954,1923
3139,499,1895,1976
3117,478,1936,2045
3085,452,1889,1951
3080,430,1865,1975
3086,412,1908,1968
3092,396,1888,1949
3103,388,1898,1947
3130,405,1878,1972
3145,416,1946,1979
3158,443,1915,1982
3176,477,1906,2014
3190,497,1886,1959
3185,517,1931,2020
3173,519,1862,2012
3161,516,1877,1977
3136,497,1989,1993
3119,477,1824,1989
3124,463,1922,1971
3127,450,1942,1940
3130,430,1927,1947
3156,442,1945,2003
3160,439,1943,1994
3170,449,1958,2016
3183,468,1958,2031
3183,482,1934,1991
3165,492,1914,2013
3145,491,1977,2004
3115,469,1953,2008
3083,449,1915,2047
3073,426,1946,2028
3070,416,1942,1967
3084,409,1972,2000
3099,403,1943,1927
3132,413,1930,1954
3155,424,1913,1913
3178,444,1937,1986
3206,469,1995,1998
3210,500,1938,1972
3215,523,1993,1937
3195,529,1959,2040
3164,517,1983,1997
3140,504,1965,2010
3125,490,1941,2013
3111,465,1980,1985
3120,453,2005,1930
3120,431,1978,2025
3129,424,1935,1967
3145,422,1978,2011
3148,425,1955,1979
3155,436,1931,1996
3167,449,1984,1956
3160,461,1980,2022
3148,471,2000,1966
3129,473,1970,1962
3105,470,1985,1977
3088,451,1893,1997
3093,447,1959,1938
3102,439,1961,1934
3114,434,1945,1912
3143,437,1957,1930
3167,444,1953,1963
3183,462,1960,1920
3198,469,1936,1967
3212,491,1951,1982
3205,510,1990,1951
3202,529,1941,2003
3184,525,1954,1929
3146,511,1946,1955
3133,493,1965,1974
3109,467,1914,1980
3102,446,1966,1968
3101,430,1899,1904
3115,412,1900,1951
3121,402,1917,1947
3136,406,1892,1917
3148,416,1950,1924
3158,430,1941,1905
3168,459,1896,1903
3163,479,1924,1954
3174,497,1926,1981
3156,497,1923,1923
3132,487,1854,1943
3131,482,1914,1931
3130,474,1880,1904
3140,463,1901,1914
3140,455,1919,1900
3152,442,1899,1964
3171,452,1882,1905
3181,465,1928,1998
3185,476,1873,2007
3195,493,1957,2028
3200,506,1946,1981
3191,520,1937,2013
3158,514,1954,2012
3127,492,1885,1979
3105,461,1883,1932
3087,433,1879,1973
3085,413,1878,1982
3088,404,1908,1965
3101,394,1923,1946
3128,396,1878,1926
3140,414,1905,1964
3171,434,1922,2021
3179,466,1897,1972
3209,496,1947,1999
3204,515,1877,1995
3194,527,1858,2067
3168,520,1933,1990
3160,510,1918,2009
3127,485,1907,2032
3132,477,1890,2022
3131,462,1932,1982
3136,450,1944,1974
3146,442,1908,1999
3166,449,1992,1955
3174,450,1956,1916
3185,467,1900,2021
3186,483,1913,2016
3175,492,1924,2004
3165,494,1939,1963
3127,478,1903,1983
3100,468,1918,1972
3089,438,1937,2002
3073,422,1882,1977
3087,415,1956,1988
3100,408,1947,2002
3123,409,1912,2038
3154,431,1949,2023
3171,451,1956,1969
3193,467,1950,1978
3210,497,1950,2017
3213,512,1952,1986
3210,527,1954,2005
3181,535,1987,2050
3158,512,1997,2041
3127,498,1939,2016
3118,474,1921,1980
3113,455,1971,1945
3128,442,1975,2014
3128,426,2029,1971
3141,425,1979,1977
3148,422,1964,1926
3158,432,1923,1944
3162,442,1991,1934
3165,461,1943,1919
3155,468,1943,1999
3139,471,1981,1967
3106,465,1932,1971
3099,460,1942,1979
3091,450,1931,1962
3104,440,1943,1906
3120,438,1997,1925
3140,434,1912,1928
3160,446,1947,1962
3174,450,1950,1902
3188,460,1966,1974
3200,483,1993,1987
3206,501,1961,1960
3210,517,1967,2026
3185,525,1963,1976
3160,515,1938,1966
3131,499,1974,1928
3106,476,1999,1921
3099,455,1920,1988
3100,432,1943,1916
3103,416,1938,1941
3109,399,1926,1919
3124,400,1933,1898
3131,401,1936,1901
3146,421,1927,1941
3158,443,1976,1909
3164,472,1965,1982
3165,487,1920,1951
3151,492,1921,2004
3132,489,1913,1904
3127,480,1937,1942
3124,468,1844,1923
3126,457,1892,1900
3139,453,1881,1923
3151,441,1930,1943
3166,451,1891,1971
3171,458,1872,1933
3175,464,1929,1951
3185,478,1894,1930
3195,499,1900,1950
3191,508,1946,2016
3168,516,1952,1963
3137,490,1935,1991
3110,476,1916,1957
3088,444,1901,2011
3078,418,1895,1920
3082,406,1929,2026
3098,392,1942,1963
3114,396,1869,1931
3130,399,1921,1967
3146,412,1865,1965
3175,447,1958,1974
3187,476,1869,2002
3204,508,1911,2040
3206,522,1909,2025
3172,519,1958,1993
3156,507,1913,1965
3137,493,1925,2023
3134,479,1905,1972
3122,463,1866,2012
3137,450,1918,2017
3145,438,1896,1976
3163,443,1963,2025
3172,452,1957,1995
3187,462,1922,2020
3188,475,1936,2058
3183,490,1925,2003
3173,492,1954,2066
3140,487,1963,2075
3115,470,1922,1998
3092,451,1906,2038
3084,431,2000,2073
3078,414,1912,1945
3106,417,1953,1987
3117,412,1909,1973
