929,861,938,848,2027
923,858,927,847,3376
913,851,927,837,2029
935,871,943,844,3376
932,871,933,843,2029
932,866,931,845,3376
928,864,926,837,2028
940,868,937,845,3377
918,863,945,843,2028
928,867,928,837,3376
945,862,930,838,2028
928,859,928,844,3376
929,865,939,846,2027
929,867,938,843,3377
935,868,925,841,2028
929,867,937,839,3376
924,860,929,840,2028
940,867,936,844,3376
927,869,927,844,2029
925,866,930,843,3377
935,866,929,838,2028
941,866,935,844,3376
933,859,927,845,2028
940,866,927,841,3376
927,863,930,836,2027
930,851,941,838,3377
912,856,933,833,2028
956,854,938,845,3376
937,861,936,845,2027
923,876,928,851,3376
930,864,934,835,2027
933,866,936,839,3378
937,866,942,851,2028
929,861,935,839,3375
927,855,944,843,2029
933,871,934,840,3377
923,854,927,838,2028
935,856,932,839,3376
937,846,924,839,2028
943,863,934,850,3376
931,859,934,845,2027
942,862,928,839,3377
939,858,927,837,2028
941,850,944,842,3375
936,857,931,838,2029
935,861,931,844,3376
926,858,927,844,2028
939,888,927,847,3376
940,862,931,849,2028
938,859,933,850,3376
941,860,937,844,2028
939,849,931,846,3376
942,861,933,839,2028
939,862,943,842,3377
941,863,936,844,2027
928,855,930,842,3375
931,863,931,845,2029
944,854,936,845,3376
934,866,938,848,2027
933,865,940,848,3376
934,864,933,842,2028
938,863,933,835,3376
934,863,930,844,2028
931,863,931,839,3377
937,865,934,838,2027
929,858,933,842,3377
932,862,937,853,2028
936,844,936,844,3376
932,869,930,843,2028
924,863,940,851,3376
933,864,937,847,2028
935,873,934,853,3377
932,852,936,836,2028
927,862,932,851,3377
934,867,936,853,2028
928,860,930,851,3377
927,860,936,836,2028
956,865,932,848,3376
932,865,931,847,2027
937,865,929,844,3376
939,873,940,845,2028
928,871,927,841,3377
915,861,932,846,2028
939,868,931,846,3376
937,874,937,845,2026
932,863,935,847,3377
931,872,925,843,2028
937,865,927,845,3376
934,870,925,835,2027
934,863,927,839,3376
927,864,937,848,2028
942,889,937,847,3376
919,858,927,840,2028
937,865,937,852,3375
941,866,932,843,2029
939,864,930,847,3376
928,851,935,841,2029
926,859,920,838,3376
936,864,933,852,2028
934,857,924,841,3376
938,849,926,842,2027
943,870,926,849,3376
937,856,931,852,2028
928,859,933,842,3376
941,869,934,846,2028
943,860,930,845,3376
944,855,938,849,2028
941,854,936,842,3378
937,858,936,843,2026
933,874,935,854,3376
931,849,930,833,2028
940,868,933,845,3377
934,859,928,845,2028
935,866,938,849,3377
933,862,926,837,2028
928,858,934,844,3376
927,858,938,845,2028
942,865,932,841,3375
935,861,926,836,2028
934,857,929,846,3376
940,869,932,848,2028
936,866,937,840,3376
939,870,927,836,2028
936,868,934,838,3376
935,866,933,838,2027
940,859,929,838,3376
942,869,942,844,2027
935,867,936,842,3376
947,864,932,833,2028
937,866,938,847,3376
922,856,933,841,2028
927,855,923,837,3377
937,868,951,845,2028
935,862,940,845,3377
941,862,934,838,2028
927,861,931,834,3376
924,861,920,840,2028
928,860,932,839,3376
932,868,934,843,2028
940,868,935,845,3377
936,870,941,842,2027
945,868,932,837,3376
940,861,933,841,2027
938,860,929,842,3376
933,862,927,837,2028
930,870,934,840,3378
944,867,929,838,2028
937,863,928,844,3376
940,866,935,843,2027
935,844,921,839,3376
948,866,930,844,2028
932,862,927,843,3376
939,865,936,848,2027
941,866,934,849,3377
933,876,935,846,2028
931,859,934,846,3376
937,862,936,842,2030
933,857,930,843,3376
914,844,929,844,2029
945,868,940,849,3377
923,860,936,843,2029
933,866,929,849,3377
936,859,928,845,2028
939,864,929,848,3375
929,859,924,848,2027
937,864,933,849,3375
931,865,932,843,2028
930,870,932,845,3377
947,860,936,846,2028
937,853,932,853,3376
937,865,927,853,2028
929,859,923,843,3375
945,873,937,860,2028
933,854,936,841,3375
939,855,928,838,2028
934,855,929,843,3377
938,872,941,843,2027
915,855,926,838,3376
938,868,937,838,2027
935,862,937,838,3376
943,866,937,842,2028
937,868,928,838,3377
934,849,934,839,2028
940,870,938,843,3376
933,870,929,837,2027
936,873,934,837,3375
984,862,936,847,2028
939,868,932,833,3375
930,868,939,839,2028
936,874,935,839,3377
937,870,935,835,2027
933,862,930,840,3376
926,864,928,837,2027
932,860,926,835,3377
937,866,928,836,2028
939,872,936,838,3376
928,863,934,841,2029
932,868,937,841,3377
928,859,932,840,2028
926,860,930,843,3377
916,848,924,843,2028
944,864,930,836,3376
930,865,925,838,2028
931,869,933,837,3376
931,868,938,842,2028
938,856,930,845,3377
937,871,931,848,2027
935,867,944,846,3376
906,852,929,839,2028
930,861,922,839,3376
934,868,925,846,2028
931,858,931,839,3375
924,855,928,836,2027
939,871,945,853,3377
936,867,920,835,2029
947,868,939,850,3376
940,863,929,849,2029
937,873,933,839,3375
934,875,938,850,2027
926,853,930,840,3376
934,861,938,845,2028
943,873,938,846,3377
932,863,945,850,2028
919,852,937,836,3376
941,869,941,841,2027
930,867,943,853,3376
933,866,933,842,2028
928,861,940,853,3376
939,871,947,847,2027
946,858,937,843,3377
960,871,936,842,2028
934,878,946,850,3377
935,870,943,847,2027
936,869,939,854,3377
947,868,937,841,2027
952,897,924,838,3376
935,876,940,839,2029
941,874,934,840,3376
937,874,935,839,2027
943,873,940,834,3377
922,860,929,843,2028
927,857,935,847,3376
921,858,924,841,2028
928,865,927,833,3376
946,872,931,854,2029
926,864,935,850,3376
936,860,931,837,2027
928,849,943,849,3376
933,883,939,848,2028
927,858,936,842,3376
934,861,941,848,2028
942,831,927,845,3376
946,868,943,845,2028
932,854,946,856,3376
943,864,943,846,2028
921,884,948,840,3376
955,877,942,851,2029
942,865,939,846,3375
947,873,937,845,2027
941,874,932,846,3377
934,865,934,851,2029
942,874,936,853,3376
942,866,936,861,2028
933,872,939,854,3376
952,859,940,856,2028
944,874,934,852,3376
941,862,932,863,2028
953,872,933,843,3376
952,858,936,852,2028
936,864,938,848,3377
937,872,931,844,2028
937,878,942,853,3376
948,891,939,852,2028
920,861,931,850,3377
939,875,925,858,2028
949,852,942,849,3377
965,893,937,846,2029
936,849,928,838,3375
917,873,957,831,2028
933,863,926,847,3376
951,875,936,853,2028
939,868,940,852,3376
944,871,933,845,2029
940,876,932,853,3376
943,875,941,852,2028
926,880,938,842,3376
939,861,938,852,2027
921,873,940,847,3376
944,880,938,858,2027
942,872,939,857,3376
932,843,929,835,2028
955,887,942,853,3376
950,864,932,850,2027
926,861,933,848,3376
913,858,933,849,2028
940,865,930,849,3376
934,864,935,845,2028
943,896,946,849,3376
948,865,942,851,2028
939,871,933,842,3376
951,873,936,847,2026
939,885,929,846,3377
944,867,942,842,2028
934,859,934,844,3378
942,874,941,850,2028
938,856,933,840,3376
937,874,938,852,2029
913,846,923,840,3376
939,868,937,848,2029
924,861,933,850,3376
942,866,939,849,2027
960,877,939,853,3377
931,861,942,856,2028
920,866,928,847,3376
931,869,939,851,2028
948,878,934,844,3376
946,858,932,845,2028
945,873,931,850,3376
931,879,940,853,2028
933,864,935,850,3376
948,875,936,855,2028
940,871,940,846,3376
942,867,932,848,2028
947,876,940,849,3377
945,876,941,851,2028
936,865,930,843,3376
945,872,924,847,2027
941,867,943,849,3376
941,865,945,849,2028
938,870,942,859,3376
947,868,942,851,2028
943,859,933,848,3376
949,867,938,843,2029
944,874,937,850,3376
935,869,932,848,2028
940,868,936,846,3376
942,877,949,853,2029
952,849,940,831,3376
936,873,939,849,2029
937,866,937,846,3377
922,860,936,846,2029
944,866,938,851,3377
903,851,937,844,2028
944,872,944,853,3376
939,873,939,851,2029
940,872,934,842,3376
942,875,943,843,2029
948,870,941,851,3377
948,876,938,847,2027
937,865,939,842,3376
940,874,944,854,2028
940,873,941,853,3376
947,874,940,849,2028
937,897,931,844,3376
939,870,941,849,2027
929,862,933,840,3376
944,875,939,853,2028
946,875,943,858,3376
930,881,939,849,2028
945,880,945,854,3376
938,870,935,845,2028
942,870,935,850,3376
928,860,931,845,2028
942,876,942,849,3377
938,873,944,856,2028
936,871,946,856,3376
922,857,927,840,2028
940,869,937,851,3377
937,870,940,846,2028
945,877,938,850,3377
918,847,936,850,2030
943,869,945,854,3376
945,873,941,856,2028
940,870,935,849,3376
944,875,942,856,2028
922,853,933,843,3376
942,882,931,848,2028
950,870,941,853,3377
929,858,932,841,2028
937,868,937,854,3376
944,862,939,841,2028
943,863,932,855,3377
932,865,934,848,2028
920,857,934,847,3376
942,872,949,853,2028
950,874,931,847,3377
941,877,942,852,2028
940,871,942,850,3378
939,867,937,846,2028
930,864,938,853,3377
947,879,944,851,2028
931,870,928,856,3376
944,867,948,848,2028
929,861,932,848,3376
950,874,941,847,2029
937,862,934,846,3377
892,848,927,847,2028
950,875,950,859,3376
934,868,937,846,2026
933,866,946,850,3376
944,877,941,853,2028
934,860,938,846,3376
924,863,934,843,2029
945,869,931,849,3376
948,879,943,854,2028
941,870,939,846,3376
931,861,933,840,2029
922,863,936,850,3376
927,857,932,843,2028
944,877,948,856,3377
947,878,947,858,2028
942,874,936,853,3377
925,856,934,852,2029
943,875,939,857,3377
931,862,939,854,2028
941,871,937,850,3377
941,868,936,849,2028
940,870,933,848,3377
938,879,956,858,2027
939,875,946,852,3377
949,878,940,850,2029
944,871,935,847,3376
928,861,930,840,2028
936,869,932,849,3376
938,865,946,813,2028
936,858,935,849,3376
952,872,941,850,2028
937,868,945,850,3377
932,866,944,847,2029
927,864,942,848,3377
937,872,940,855,2028
937,866,931,848,3377
935,869,943,853,2028
941,864,937,851,3376
938,862,943,853,2028
930,866,935,835,3378
951,873,937,844,2028
936,863,935,844,3376
948,870,936,846,2028
932,867,938,844,3376
945,877,946,852,2028
936,870,940,849,3377
937,868,935,839,2026
933,866,936,849,3377
949,866,938,845,2029
935,861,932,846,3377
943,873,950,852,2028
938,865,934,840,3377
923,859,946,854,2027
955,866,944,853,3376
917,860,927,839,2027
938,868,940,844,3376
923,853,933,845,2028
954,826,935,848,3376
920,861,934,838,2026
940,874,944,849,3376
932,860,937,849,2028
932,858,925,841,3376
953,881,933,847,2028
933,865,931,842,3376
937,867,936,846,2028
920,858,931,849,3376
934,866,938,846,2027
949,870,940,850,3377
935,854,932,848,2027
943,866,934,846,3376
935,872,939,850,2028
939,867,936,846,3376
931,866,934,841,2027
942,869,943,850,3375
926,862,935,840,2028
932,870,937,848,3377
940,873,938,850,2028
936,865,937,848,3377
931,863,933,856,2028
926,863,936,848,3376
944,877,945,855,2027
940,860,939,849,3376
938,872,937,851,2028
935,867,935,848,3377
936,872,939,849,2028
947,877,939,837,3376
941,869,932,843,2029
939,867,935,843,3376
939,870,944,850,2027
895,850,950,844,3377
938,869,930,849,2029
947,867,940,856,3377
933,865,932,845,2028
979,889,940,852,3376
925,858,938,844,2028
944,868,940,851,3376
939,871,938,843,2028
946,868,933,849,3376
943,875,941,848,2029
931,863,939,850,3376
933,866,933,846,2028
937,872,947,853,3377
927,870,939,843,2027
940,878,944,848,3375
947,871,943,851,2028
919,857,936,840,3377
948,878,934,848,2028
930,874,939,844,3375
942,867,943,850,2027
935,866,936,846,3376
936,858,936,843,2028
941,858,933,848,3376
932,837,924,833,2028
942,870,938,847,3376
920,857,939,843,2028
942,873,940,852,3376
907,844,941,846,2028
946,857,941,855,3377
937,868,950,853,2028
934,859,927,841,3376
949,864,935,850,2029
943,862,928,853,3376
928,859,929,841,2028
943,875,944,851,3377
945,866,927,844,2029
941,867,942,852,3376
922,859,934,836,2028
947,862,936,850,3376
935,880,946,850,2028
920,854,936,847,3377
939,877,942,858,2028
936,862,935,848,3378
946,872,941,849,2027
937,864,930,846,3377
926,859,927,848,2028
931,863,949,853,3376
945,882,953,856,2028
931,882,909,844,3376
938,880,933,852,2029
944,858,939,853,3376
942,862,942,843,2030
952,852,930,843,3377
946,894,939,855,2028
954,885,942,856,3376
927,882,945,859,2028
923,873,936,857,3375
952,875,945,850,2029
929,863,942,854,3376
943,869,949,854,2028
947,871,938,851,3376
937,876,940,857,2028
943,874,935,847,3377
919,872,921,836,2029
972,878,935,830,3376
947,870,940,859,2028
931,876,935,858,3376
935,877,948,847,2028
942,873,933,845,3377
944,874,941,859,2028
941,862,932,841,3376
934,870,930,846,2028
941,878,940,847,3376
951,886,951,856,2028
946,884,936,840,3376
932,855,936,842,2027
945,879,951,851,3377
914,856,940,845,2028
936,876,929,857,3377
943,864,936,849,2030
929,844,929,839,3376
940,863,936,851,2029
961,880,946,848,3377
922,871,934,843,2028
945,876,947,856,3377
926,868,928,833,2027
931,877,936,837,3376
919,852,932,854,2029
944,866,943,844,3376
930,871,929,856,2029
957,877,931,856,3377
924,874,934,847,2027
937,873,940,849,3377
951,859,931,852,2028
923,865,943,849,3376
936,874,938,846,2028
946,870,944,862,3376
967,882,919,833,2028
931,869,945,862,3376
938,856,940,846,2028
941,864,939,855,3376
935,872,942,868,2027
944,881,941,850,3377
950,878,945,865,2028
925,864,940,852,3377
942,876,945,856,2028
942,867,939,851,3376
926,844,927,842,2028
936,873,933,849,3376
938,868,945,848,2028
947,871,937,858,3377
922,866,930,844,2028
942,880,943,839,3377
934,878,934,854,2028
944,865,932,839,3376
934,875,944,848,2027
936,876,936,848,3376
941,862,933,853,2027
947,869,939,856,3375
940,883,938,851,2029
939,881,933,845,3376
960,860,933,849,2028
928,853,950,851,3376
952,869,932,852,2028
952,879,931,845,3377
948,887,942,854,2028
940,867,930,848,3376
931,849,944,843,2027
942,877,942,863,3377
933,859,946,851,2028
948,863,930,853,3377
956,880,932,855,2028
952,884,939,851,3376
944,874,929,842,2028
934,872,950,838,3377
934,868,935,850,2028
913,871,950,858,1891
